it 1
431
218 431 347 431 
it 2
489
41 489 248 489 
475
3 475 193 475 
470
13 470 339 470 
469
1 469 172 469 
458
23 458 362 458 
455
74 455 240 455 
440
77 440 230 440 
412
20 412 218 412 
408
3 408 172 408 
386
271 386 339 386 386 481 
382
19 382 46 382 
381
48 381 172 381 
377
59 377 77 377 
374
316 374 350 374 
368
7 368 74 368 
364
78 364 247 364 364 464 
359
39 359 76 359 359 482 
353
198 353 339 353 
349
94 349 203 349 349 369 349 450 349 485 
334
9 334 292 334 
316
140 316 150 316 316 339 
301
198 301 295 301 
284
7 284 94 284 284 406 
272
43 272 181 272 
271
157 271 201 271 
268
148 268 172 268 
253
77 253 217 253 253 459 
251
111 251 241 251 251 286 251 360 251 371 
240
62 240 166 240 240 493 
232
40 232 162 232 232 366 
231
19 231 51 231 
217
9 217 139 217 217 336 217 451 
206
167 206 176 206 206 295 206 393 
202
10 202 51 202 
190
3 190 158 190 
187
47 187 177 187 187 292 187 354 
174
58 174 136 174 174 181 
173
50 173 66 173 173 318 173 370 
164
20 164 54 164 
163
7 163 132 163 163 205 163 210 163 243 
154
77 154 153 154 154 480 
148
1 148 64 148 148 185 148 208 
139
10 139 85 139 139 172 
106
18 106 85 106 106 152 
75
2 75 51 75 75 155 75 183 75 323 
73
10 73 60 73 73 128 
72
1 72 28 72 72 140 72 291 72 453 
71
4 71 46 71 
48
6 48 15 48 48 328 
20
2 20 3 20 20 350 
it 3
496
153 496 355 496 
494
31 494 424 494 
492
46 492 51 492 
488
27 488 317 488 
487
213 487 360 487 
483
27 483 451 483 
473
6 473 172 473 473 493 
472
62 472 65 472 
467
13 467 57 467 
463
199 463 238 463 
461
238 461 305 461 
460
3 460 361 460 
457
6 457 277 457 
456
64 456 450 456 
444
96 444 305 444 
424
11 424 350 424 
414
97 414 277 414 
413
112 413 255 413 
411
309 411 337 411 
410
149 410 288 410 
398
261 398 397 398 
396
178 396 209 396 
390
99 390 239 390 
389
30 389 180 389 
388
26 388 244 388 388 449 
387
224 387 243 387 
385
11 385 189 385 
383
6 383 155 383 
376
33 376 245 376 
358
67 358 208 358 358 447 
352
19 352 175 352 352 366 
351
4 351 270 351 
348
85 348 172 348 
335
57 335 137 335 335 350 
331
55 331 277 331 
329
13 329 29 329 
324
313 324 314 324 
322
51 322 62 322 
321
31 321 204 321 321 326 
315
50 315 236 315 
310
63 310 118 310 
302
6 302 229 302 
300
50 300 297 300 
299
57 299 220 299 
296
10 296 230 296 296 336 296 347 
293
6 293 7 293 
283
5 283 26 283 
277
65 277 119 277 277 295 277 371 
276
3 276 186 276 
275
87 275 171 275 
274
138 274 146 274 274 278 274 298 274 317 274 499 
270
54 270 193 270 
269
21 269 98 269 
266
29 266 234 266 
265
53 265 261 265 
260
21 260 59 260 
259
235 259 250 259 
257
82 257 229 257 
249
4 249 30 249 249 280 
242
80 242 142 242 
233
36 233 147 233 
224
6 224 60 224 224 304 
223
51 223 76 223 
222
91 222 185 222 
221
27 221 87 221 221 397 
215
74 215 165 215 
204
30 204 76 204 204 245 
194
6 194 147 194 
191
18 191 21 191 
186
180 186 185 186 186 327 186 423 
180
130 180 159 180 
179
8 179 28 179 
165
34 165 137 165 165 166 165 462 
161
6 161 36 161 
153
6 153 112 153 153 303 153 406 153 453 
146
22 146 27 146 146 482 
144
22 144 27 144 144 210 144 292 
143
38 143 55 143 143 287 
137
44 137 67 137 
135
26 135 59 135 135 309 135 409 135 439 
134
56 134 102 134 
133
59 133 98 133 
127
59 127 88 127 127 155 127 305 
125
22 125 63 125 125 177 
119
3 119 80 119 119 340 
112
56 112 77 112 112 306 
110
41 110 44 110 
101
8 101 22 101 101 108 
98
30 98 49 98 98 177 98 446 
93
27 93 66 93 
92
46 92 49 92 92 142 92 168 
91
56 91 87 91 91 118 91 468 
85
21 85 22 85 85 183 85 238 
81
5 81 17 81 
65
29 65 52 65 65 90 65 162 
57
4 57 10 57 57 60 
27
3 27 4 27 27 43 27 45 27 96 27 438 
22
3 22 6 22 22 50 22 51 22 318 
21
3 21 10 21 21 278 
16
2 16 3 16 
it 4
498
0 498 37 498 
407
5 407 278 407 
392
177 392 342 392 
365
40 365 145 365 
363
9 363 147 363 
342
115 342 128 342 
320
15 320 236 320 
319
111 319 278 319 
262
6 262 51 262 
246
79 246 147 246 
170
33 170 86 170 
109
1 109 5 109 
108
60 108 108 303 
86
36 86 53 86 86 162 86 192 
83
9 83 50 83 83 96 
33
4 33 5 33 33 46 33 51 
it 5
454
37 454 328 454 
261
37 261 51 261 
230
64 230 210 230 
37
3 37 3 37 37 52 37 367 37 490 37 490 
it 6
405
26 405 367 405 
