it 1
1
0 1 0 1 1 2 1 2 1 3 1 7 1 10 1 11 1 13 1 15 1 17 1 18 1 18 1 19 1 23 1 24 1 26 1 29 1 40 1 44 1 47 1 56 1 56 1 62 1 67 1 72 1 82 1 87 1 88 1 89 1 109 1 113 1 114 1 130 1 136 1 140 1 148 1 152 1 166 1 197 1 198 1 200 1 201 1 226 1 234 1 237 1 247 1 267 1 285 1 298 1 308 1 361 1 372 1 399 1 429 1 434 1 469 1 484 
it 2
499
176 499 274 499 
498
0 498 37 498 
497
136 497 150 497 
496
153 496 355 496 
495
13 495 355 495 
494
31 494 424 494 
493
240 493 473 493 
492
46 492 51 492 
491
17 491 422 491 
489
41 489 248 489 
488
27 488 317 488 
487
213 487 360 487 
486
78 486 468 486 
485
102 485 349 485 
483
27 483 451 483 
482
146 482 359 482 
480
50 480 154 480 
479
333 479 355 479 
478
0 478 235 478 
477
9 477 34 477 
476
107 476 140 476 
475
3 475 193 475 
474
7 474 29 474 
473
6 473 172 473 
472
62 472 65 472 
471
2 471 50 471 
470
13 470 339 470 
468
6 468 91 468 
467
13 467 57 467 
466
44 466 64 466 
465
114 465 141 465 
464
209 464 364 464 
463
199 463 238 463 
462
51 462 165 462 
461
238 461 305 461 
460
3 460 361 460 
459
5 459 253 459 
457
6 457 277 457 
456
64 456 450 456 
455
74 455 240 455 
454
37 454 328 454 
453
72 453 153 453 
452
53 452 212 452 
451
114 451 217 451 
450
145 450 349 450 
449
59 449 388 449 
448
2 448 104 448 
447
38 447 358 447 
446
10 446 98 446 
445
78 445 124 445 
444
96 444 305 444 
442
88 442 175 442 
440
77 440 230 440 
439
135 439 147 439 
437
142 437 420 437 
436
35 436 354 436 
435
4 435 59 435 
433
95 433 182 433 
432
214 432 297 432 432 441 
431
218 431 347 431 
430
121 430 171 430 
428
30 428 40 428 
427
13 427 241 427 
426
147 426 384 426 
425
11 425 370 425 
423
51 423 186 423 
422
35 422 189 422 
420
9 420 30 420 
419
145 419 250 419 
417
235 417 355 417 
415
107 415 375 415 
414
97 414 277 414 
413
112 413 255 413 
412
20 412 218 412 
411
309 411 337 411 
410
149 410 288 410 
409
135 409 336 409 
408
3 408 172 408 
407
5 407 278 407 
406
153 406 284 406 
404
150 404 255 404 
403
182 403 211 403 
402
66 402 313 402 
401
70 401 356 401 
400
4 400 28 400 
398
261 398 397 398 
397
30 397 221 397 
396
178 396 209 396 
395
53 395 104 395 
394
7 394 50 394 
393
3 393 206 393 
392
177 392 342 392 
391
90 391 140 391 
390
99 390 239 390 
389
30 389 180 389 
387
224 387 243 387 
386
271 386 339 386 386 481 
385
11 385 189 385 
383
6 383 155 383 
382
19 382 46 382 
381
48 381 172 381 
380
54 380 235 380 
379
11 379 247 379 
378
18 378 89 378 
377
59 377 77 377 
376
33 376 245 376 
375
248 375 325 375 
374
316 374 350 374 
373
11 373 248 373 
371
251 371 277 371 
370
3 370 173 370 
369
51 369 349 369 
368
7 368 74 368 
367
37 367 78 367 367 405 
366
232 366 352 366 
365
40 365 145 365 
364
78 364 247 364 
363
9 363 147 363 
362
51 362 210 362 362 458 
360
243 360 251 360 
359
39 359 76 359 
358
67 358 208 358 
357
25 357 99 357 357 418 
354
88 354 187 354 
353
198 353 339 353 
352
19 352 175 352 
351
4 351 270 351 
350
20 350 335 350 350 424 
349
94 349 203 349 
348
85 348 172 348 
347
6 347 296 347 
343
60 343 185 343 
342
115 342 128 342 
341
19 341 209 341 
340
23 340 119 340 
339
41 339 316 339 
337
80 337 178 337 
336
217 336 296 336 
335
57 335 137 335 
334
9 334 292 334 
333
42 333 54 333 
332
10 332 30 332 
331
55 331 277 331 
330
14 330 200 330 
329
13 329 29 329 
328
4 328 48 328 
326
102 326 321 326 
325
10 325 95 325 
324
313 324 314 324 
323
75 323 157 323 
322
51 322 62 322 
321
31 321 204 321 
320
15 320 236 320 
319
111 319 278 319 
318
22 318 173 318 
317
3 317 274 317 
316
140 316 150 316 
315
50 315 236 315 
314
3 314 69 314 
313
49 313 76 313 
312
171 312 201 312 
311
4 311 80 311 
310
63 310 118 310 
309
64 309 135 309 
307
59 307 235 307 
306
112 306 297 306 
305
76 305 127 305 305 346 
304
172 304 224 304 
303
108 303 153 303 
302
6 302 229 302 
300
50 300 297 300 
299
57 299 220 299 
297
2 297 250 297 
295
206 295 277 295 295 301 
294
13 294 167 294 
293
6 293 7 293 
292
144 292 187 292 
291
43 291 72 291 
290
216 290 244 290 
289
32 289 115 289 
287
114 287 143 287 
284
7 284 94 284 
283
5 283 26 283 
282
47 282 136 282 
281
13 281 62 281 
280
13 280 249 280 
279
138 279 209 279 
278
21 278 274 278 
277
65 277 119 277 
276
3 276 186 276 
275
87 275 171 275 
274
138 274 146 274 274 298 
273
54 273 142 273 
272
43 272 181 272 
271
157 271 201 271 
270
54 270 193 270 
269
21 269 98 269 
268
148 268 172 268 
266
29 266 234 266 
265
53 265 261 265 
264
25 264 157 264 
263
17 263 150 263 
262
6 262 51 262 
261
37 261 51 261 
260
21 260 59 260 
259
235 259 250 259 
258
29 258 126 258 
257
82 257 229 257 
256
88 256 141 256 
255
56 255 77 255 
254
4 254 84 254 
253
77 253 217 253 
252
172 252 241 252 
251
111 251 241 251 251 286 
250
14 250 129 250 
249
4 249 30 249 
248
15 248 213 248 248 355 
246
79 246 147 246 
245
30 245 204 245 245 345 
244
78 244 208 244 244 388 
243
80 243 163 243 
242
80 242 142 242 
241
40 241 89 241 
239
95 239 216 239 
238
80 238 85 238 
236
19 236 64 236 
235
11 235 167 235 
233
36 233 147 233 
231
19 231 51 231 
230
64 230 210 230 230 296 
229
62 229 150 229 
228
7 228 126 228 
227
88 227 141 227 
225
49 225 140 225 
224
6 224 60 224 
223
51 223 76 223 
222
91 222 185 222 
221
27 221 87 221 
220
54 220 99 220 220 384 
219
88 219 209 219 
218
175 218 209 218 
217
9 217 139 217 
215
74 215 165 215 
214
3 214 111 214 
213
49 213 189 213 
212
87 212 198 212 212 288 
211
50 211 97 211 
210
144 210 163 210 
209
15 209 77 209 
208
148 208 157 208 
207
14 207 15 207 
206
167 206 176 206 
205
78 205 163 205 
204
30 204 76 204 
202
10 202 51 202 
196
3 196 166 196 
195
11 195 13 195 
194
6 194 147 194 
193
19 193 175 193 
192
86 192 171 192 
191
18 191 21 191 
190
3 190 158 190 
189
64 189 88 189 
188
2 188 84 188 
186
180 186 185 186 186 327 
185
0 185 148 185 185 327 
183
75 183 85 183 
182
13 182 80 182 
181
60 181 174 181 
180
130 180 159 180 
179
8 179 28 179 
178
67 178 77 178 
177
98 177 125 177 177 187 
176
0 176 166 176 
175
74 175 116 175 
173
50 173 66 173 
172
139 172 140 172 172 469 
171
3 171 4 171 
170
33 170 86 170 
169
3 169 6 169 169 344 
168
52 168 92 168 
167
3 167 149 167 
165
34 165 137 165 165 166 
164
20 164 54 164 
162
65 162 86 162 162 232 
161
6 161 36 161 
160
3 160 13 160 
159
59 159 123 159 
158
6 158 59 158 
157
3 157 74 157 
156
97 156 140 156 
155
75 155 127 155 
154
77 154 153 154 
153
6 153 112 153 
151
4 151 54 151 
150
0 150 115 150 
149
49 149 59 149 
147
64 147 94 147 
146
22 146 27 146 
145
0 145 78 145 145 203 
144
22 144 27 144 
143
38 143 55 143 
141
19 141 87 141 
139
10 139 85 139 
138
53 138 128 138 
137
44 137 67 137 
134
56 134 102 134 
133
59 133 98 133 
132
0 132 80 132 132 163 
131
7 131 52 131 131 216 
129
50 129 53 129 
128
10 128 73 128 
127
59 127 88 127 
126
18 126 70 126 
125
22 125 63 125 
124
9 124 122 124 
123
76 123 111 123 
122
14 122 116 122 
121
2 121 41 121 
120
13 120 114 120 
119
3 119 80 119 
118
91 118 107 118 
117
13 117 111 117 
116
64 116 74 116 
115
3 115 77 115 
112
56 112 77 112 
111
31 111 80 111 
110
41 110 44 110 
108
60 108 101 108 
107
19 107 30 107 
106
18 106 85 106 106 152 
105
0 105 13 105 
104
7 104 13 104 
103
25 103 40 103 
102
2 102 30 102 
101
8 101 22 101 
100
6 100 54 100 
99
45 99 84 99 99 338 
98
30 98 49 98 
97
29 97 31 97 
96
27 96 83 96 
95
3 95 54 95 95 197 95 267 
94
54 94 64 94 
93
27 93 66 93 
92
46 92 49 92 92 142 
91
56 91 87 91 
90
54 90 65 90 
87
0 87 
86
36 86 53 86 
85
21 85 22 85 
84
62 84 64 84 
83
9 83 50 83 
81
5 81 17 81 
80
3 80 78 80 
79
3 79 74 79 79 372 
78
3 78 60 78 78 136 
77
7 77 10 77 77 114 77 443 
76
12 76 64 76 76 88 
74
18 74 45 74 
73
10 73 60 73 
71
4 71 46 71 
70
11 70 13 70 70 234 
69
13 69 31 69 
68
18 68 39 68 
66
29 66 36 66 
65
29 65 52 65 
64
40 64 62 64 64 148 
63
11 63 43 63 
61
4 61 29 61 
60
52 60 57 60 
59
11 59 26 59 59 135 59 429 
58
38 58 39 58 58 174 
57
4 57 10 57 
55
3 55 25 55 55 62 
54
3 54 5 54 54 285 
53
0 53 36 53 53 82 
52
2 52 37 52 
51
22 51 33 51 51 75 51 184 51 184 
50
15 50 22 50 
49
12 49 19 49 49 484 
48
6 48 15 48 
46
0 46 33 46 
45
25 45 27 45 
43
3 43 27 43 43 67 
42
31 42 34 42 
41
6 41 34 41 
39
13 39 30 39 
38
2 38 18 38 
37
3 37 3 37 37 490 37 490 
36
2 36 3 36 
35
13 35 17 35 
34
0 34 3 34 
33
4 33 5 33 
32
3 32 23 32 
31
2 31 3 31 
30
9 30 15 30 
28
5 28 19 28 28 72 
27
3 27 4 27 27 438 
25
6 25 7 25 
22
3 22 6 22 
21
3 21 10 21 
20
2 20 3 20 
17
3 17 17 434 
16
2 16 3 16 
14
3 14 9 14 14 113 14 198 
13
7 13 13 24 13 40 13 200 13 421 13 421 
12
2 12 3 12 
11
3 11 11 237 11 424 
9
3 9 4 9 
8
2 8 4 8 8 199 
7
3 7 7 19 7 47 7 142 7 163 7 216 
6
3 6 3 6 6 26 
5
3 5 3 5 5 109 5 416 
4
3 4 3 4 4 15 4 44 4 361 4 399 4 438 
3
0 3 3 308 3 344 3 416 
0
0 23 0 199 0 226 
