it 1
3
0 3 1 3 3 4 3 5 3 6 3 7 3 9 3 11 3 12 3 14 3 16 3 17 3 20 3 21 3 22 3 27 3 31 3 32 3 34 3 36 3 37 3 43 
it 2
49
12 49 19 49 
48
6 48 15 48 
46
0 46 33 46 
45
25 45 27 45 
44
1 44 4 44 
42
31 42 34 42 
41
6 41 34 41 
39
13 39 30 39 
38
2 38 18 38 
33
4 33 5 33 
31
2 31 
30
9 30 15 30 
28
5 28 19 28 
27
4 27 27 43 
26
1 26 6 26 
25
6 25 7 25 
23
0 23 1 23 23 32 
19
1 19 7 19 
18
1 18 
15
1 15 4 15 
13
1 13 7 13 13 24 13 35 13 40 
10
1 10 2 10 10 21 
9
4 9 9 14 
8
2 8 4 8 
7
1 7 7 47 
6
6 22 
4

2
1 2 2 12 2 16 2 20 2 29 2 36 
1
0 1 1 11 1 17 1 24 1 29 1 40 1 47 
0
0 34 
