it 1
2
0 2 1 2 2 3 2 4 2 6 2 7 2 12 2 15 2 16 2 20 2 24 2 27 2 29 2 33 2 36 2 44 2 54 2 63 2 64 2 66 2 77 2 94 2 95 2 96 2 107 2 123 2 134 2 136 2 143 2 150 2 159 2 163 2 165 2 167 2 173 2 182 2 197 
it 2
172
5 172 9 172 172 175 172 188 
169
96 169 143 169 169 177 
139
7 139 11 139 139 152 139 156 
125
37 125 47 125 125 148 
122
64 122 94 122 122 187 
109
1 109 27 109 109 138 109 186 
108
1 108 6 108 108 184 
107
7 107 107 136 
100
4 100 77 100 100 111 100 124 
96
64 96 96 143 96 159 
94
64 94 94 163 94 173 94 187 
93
6 93 33 93 93 164 
66
27 66 66 95 66 167 
65
16 65 54 65 65 82 65 196 
64
7 64 
50
0 50 1 50 50 60 50 75 
42
1 42 6 42 42 85 42 103 42 113 
41
3 41 7 41 41 76 41 151 
38
12 38 15 38 38 49 38 80 38 83 38 91 38 98 38 119 38 133 38 194 
36
16 36 36 150 
35
5 35 14 35 35 101 35 146 35 171 
27
1 27 27 69 27 138 27 195 
16
1 16 16 54 
13
3 13 12 13 13 22 13 40 13 43 13 51 13 53 13 81 13 142 
12
3 12 12 15 12 22 12 26 12 165 
11
3 11 7 11 11 56 
7
3 7 7 30 7 76 7 90 7 121 7 152 
5
0 5 1 5 5 9 5 14 5 19 5 25 5 32 5 59 5 97 5 141 5 146 5 160 5 171 5 175 
4
1 4 4 63 4 77 4 92 4 197 
3
0 3 3 20 3 30 3 31 3 53 3 56 3 81 3 118 3 121 3 151 3 191 
1
0 1 1 6 1 8 1 9 1 10 1 14 1 17 1 18 1 19 1 23 1 25 1 32 1 45 1 59 1 60 1 68 1 69 1 73 1 87 1 97 1 102 1 103 1 106 1 141 1 149 1 153 1 157 1 158 1 168 1 170 1 176 1 178 1 184 1 186 1 192 1 195 
0
0 44 
it 3
88
45 88 68 88 88 104 88 131 
83
49 83 83 91 
28
9 28 10 28 28 34 
