it 1
1
0 1 1 2 1 4 1 5 1 6 1 8 1 9 1 10 1 14 1 16 1 17 1 18 1 19 1 23 1 25 1 27 1 32 1 42 1 45 1 50 1 59 1 60 1 68 1 69 1 73 1 87 1 97 1 102 1 103 1 106 1 108 1 109 1 141 1 149 1 153 1 157 1 158 1 168 1 170 1 176 1 178 1 184 1 186 1 192 1 195 
it 2
172
5 172 9 172 172 175 172 188 
141
5 141 141 157 
139
7 139 11 139 139 152 139 156 
123
2 123 77 123 123 155 
110
45 110 87 110 110 128 110 161 
109
27 109 109 138 109 186 
108
6 108 108 184 
105
62 105 89 105 105 132 105 179 
103
42 103 103 106 103 113 
97
5 97 97 149 97 160 97 176 97 192 97 198 
88
45 88 68 88 88 104 88 131 
82
54 82 65 82 82 196 
79
9 79 17 79 79 112 79 137 
77
2 77 4 77 77 100 77 111 77 124 77 155 
74
8 74 21 74 74 126 74 129 
72
31 72 37 72 72 145 
66
2 66 27 66 66 95 66 167 
63
2 63 4 63 63 92 
62
9 62 10 62 62 89 62 140 62 179 
54
2 54 16 54 54 65 
50
0 50 50 60 50 75 
47
31 47 37 47 47 125 47 148 47 190 
46
6 46 8 46 46 183 
45
10 45 45 68 45 87 45 104 45 153 45 174 45 193 
43
13 43 22 43 43 48 43 58 43 71 43 78 43 116 43 142 
42
6 42 42 85 42 113 
41
3 41 7 41 41 76 41 151 
38
12 38 15 38 38 49 38 80 38 83 38 91 38 98 38 119 38 133 38 194 
35
5 35 14 35 35 101 35 146 35 171 
33
2 33 6 33 33 93 33 164 33 180 
31
3 31 30 31 31 37 31 190 
28
9 28 10 28 28 34 
27
2 27 27 69 27 138 27 195 
23
9 23 23 39 23 70 23 168 
21
8 21 18 21 21 52 21 114 21 126 21 199 
19
5 19 19 102 
14
5 14 14 101 14 158 14 189 
13
3 13 12 13 13 22 13 40 13 51 13 53 13 81 13 142 
11
3 11 7 11 11 56 
10
9 10 10 89 10 140 
9
5 9 9 17 9 34 9 39 9 70 9 170 9 178 9 188 
8
6 8 8 18 8 52 8 114 8 129 8 144 8 183 8 185 
6
2 6 6 24 6 29 6 85 6 93 6 185 
5
0 5 5 25 5 32 5 59 5 146 5 160 5 171 5 175 
3
0 3 2 3 3 7 3 12 3 20 3 30 3 53 3 56 3 81 3 118 3 121 3 151 3 191 
2
0 2 2 4 2 7 2 12 2 15 2 16 2 20 2 24 2 29 2 36 2 44 2 64 2 94 2 95 2 96 2 107 2 134 2 136 2 143 2 150 2 159 2 163 2 165 2 167 2 173 2 182 2 197 
0
0 44 
it 3
169
96 169 143 169 169 177 
164
93 164 164 180 
125
37 125 125 148 
122
64 122 94 122 122 187 
107
7 107 107 136 
91
83 91 91 98 91 133 91 162 
84
49 84 57 84 84 127 
83
49 83 
71
58 71 71 78 71 115 71 116 
64
7 64 64 94 64 96 
58
48 58 
48
22 48 48 147 
36
16 36 36 150 
