it 1
2
0 2 1 2 2 3 2 4 2 5 2 6 2 8 2 11 2 13 2 16 2 17 2 18 2 23 2 26 2 28 2 32 2 35 2 37 2 38 2 41 2 42 2 43 2 44 2 45 2 46 2 47 2 51 2 52 2 54 2 56 2 58 2 60 2 62 2 64 2 65 2 74 2 77 2 92 2 94 2 96 2 102 2 115 2 121 2 123 2 133 2 134 2 139 2 142 2 148 2 150 2 154 2 156 2 158 2 159 2 162 2 166 2 169 2 179 2 180 2 183 2 187 2 188 2 216 2 244 2 253 2 256 2 257 2 261 2 278 2 291 2 306 2 330 2 334 2 368 2 399 2 402 2 427 2 456 2 485 2 490 2 492 2 499 2 504 2 506 2 512 2 522 2 524 2 527 2 529 2 541 2 549 2 564 2 579 2 602 2 607 2 609 2 614 2 630 2 648 2 664 2 673 2 679 2 686 2 690 2 697 2 702 2 706 2 709 2 710 2 716 2 727 2 730 2 734 2 759 2 766 2 770 2 776 2 780 2 786 2 807 2 816 2 826 2 834 2 856 2 879 2 888 2 894 2 926 2 938 2 941 2 958 2 964 2 995 2 1010 2 1012 2 1029 2 1077 2 1157 2 1189 2 1201 2 1207 2 1239 2 1253 2 1290 2 1300 2 1303 2 1327 2 1341 2 1349 2 1350 2 1378 2 1384 2 1389 2 1403 2 1407 2 1408 2 1502 2 1515 2 1521 2 1522 2 1524 2 1526 2 1569 2 1584 2 1637 2 1656 2 1671 2 1705 2 1733 2 1753 2 1760 2 1798 2 1812 2 1871 2 1912 2 1942 2 1963 2 1980 2 1994 2 2005 2 2030 2 2037 2 2061 2 2081 2 2090 2 2126 2 2133 2 2145 2 2157 2 2188 2 2200 2 2257 2 2262 2 2274 2 2336 2 2353 2 2456 2 2457 2 2522 2 2539 2 2556 2 2593 2 2600 2 2604 2 2605 2 2631 2 2652 2 2718 2 2720 2 2736 2 2738 2 2775 2 2808 2 2812 2 2823 2 2828 2 2919 2 2920 2 2953 2 3031 2 3082 2 3155 2 3248 2 3270 2 3276 2 3282 2 3296 2 3369 2 3386 2 3407 2 3489 2 3518 2 3572 2 3606 2 3642 2 3645 2 3660 2 3663 2 3696 2 3709 2 3711 2 3789 2 3798 2 3805 2 3827 2 3855 2 3867 2 3870 2 3898 2 3904 2 3918 2 3919 2 3936 2 3977 2 3987 2 3997 2 4027 2 4076 2 4097 2 4122 2 4130 2 4134 2 4137 2 4173 2 4188 2 4221 2 4266 2 4295 2 4303 2 4327 2 4387 2 4469 2 4492 2 4506 2 4546 2 4549 2 4581 2 4585 2 4589 2 4625 2 4711 2 4719 2 4741 2 4772 2 4801 2 4830 2 4843 2 4874 2 4893 2 4898 2 4909 2 4959 2 4982 
it 2
4644
233 4644 1227 4644 4644 4894 
4400
308 4400 976 4400 4400 4533 
4328
368 4328 402 4328 4328 4688 
4221
1201 4221 4221 4492 
4196
64 4196 598 4196 4196 4656 
4174
8 4174 2684 4174 4174 4667 
4168
308 4168 3490 4168 4168 4534 
4141
154 4141 308 4141 4141 4544 
4137
52 4137 4137 4874 
4095
485 4095 2456 4095 4095 4356 
4027
3696 4027 4027 4188 
3994
13 3994 485 3994 3994 4417 
3983
459 3983 1128 3983 3983 4222 
3979
1968 3979 2813 3979 3979 4748 
3942
4 3942 1092 3942 3942 4162 3942 4454 
3870
3805 3870 3870 4843 
3855
1012 3855 3855 4130 
3816
20 3816 53 3816 3816 4067 
3805
134 3805 
3798
44 3798 3798 3918 
3696
3248 3696 
3695
1233 3695 2107 3695 3695 4707 
3694
786 3694 1433 3694 3694 4468 
3660
1384 3660 3660 4772 
3650
449 3650 1412 3650 3650 4989 
3642
879 3642 3642 4097 3642 4587 
3555
449 3555 1342 3555 3555 4120 
3547
333 3547 3277 3547 3547 3959 
3525
43 3525 3015 3525 3525 4564 
3495
159 3495 1320 3495 3495 3794 
3410
17 3410 2812 3410 3410 4641 
3409
46 3409 1077 3409 3409 4289 3409 4758 
3387
1967 3387 1975 3387 3387 3924 
3364
160 3364 3310 3364 3364 4539 3364 4579 
3327
51 3327 706 3327 3327 3731 
3282
1526 3282 3282 4076 3282 4585 
3248
1201 3248 3248 4830 
3208
1233 3208 2107 3208 3208 4176 
3169
674 3169 2837 3169 3169 4671 3169 4845 
3153
1 3153 4 3153 3153 4235 3153 4690 
3147
280 3147 2022 3147 3147 4686 
3143
459 3143 2415 3143 3143 3543 3143 4036 3143 4920 
3111
5 3111 121 3111 3111 4800 3111 4963 
3110
39 3110 1762 3110 3110 4895 
3024
1012 3024 1840 3024 3024 3260 
3018
6 3018 69 3018 3018 4742 
3015
43 3015 64 3015 3015 3634 3015 4564 
2932
192 2932 2043 2932 2932 4075 
2896
699 2896 2418 2896 2896 4925 
2881
579 2881 770 2881 2881 3661 2881 4166 
2867
13 2867 2600 2867 2867 4700 
2828
1524 2828 2828 3386 2828 4581 
2790
77 2790 179 2790 2790 3150 2790 4378 
2756
7 2756 110 2756 2756 4123 
2736
150 2736 2736 4469 
2732
261 2732 786 2732 2732 4486 
2696
727 2696 1189 2696 2696 3249 
2670
264 2670 1047 2670 2670 2925 2670 3094 
2634
602 2634 1584 2634 2634 4951 
2627
216 2627 1735 2627 2627 3941 
2592
1378 2592 2188 2592 2592 2868 2592 2929 
2588
379 2588 1511 2588 2588 2621 2588 4384 
2573
102 2573 1389 2573 2573 3389 2573 3818 2573 4583 
2564
162 2564 379 2564 2564 4276 2564 4514 
2556
1077 2556 2556 2920 
2551
334 2551 368 2551 2551 2983 2551 3336 
2541
3 2541 6 2541 2541 2973 2541 3879 2541 4313 2541 4924 
2490
45 2490 1083 2490 2490 3653 2490 4836 
2482
683 2482 817 2482 2482 3597 
2454
92 2454 872 2454 2454 4033 
2442
20 2442 53 2442 2442 3974 
2440
134 2440 777 2440 2440 4443 2440 4548 
2424
1341 2424 1942 2424 2424 3670 
2405
3 2405 6 2405 2405 4402 
2393
3 2393 5 2393 2393 3777 2393 4888 
2377
48 2377 1595 2377 2377 2617 2377 3454 2377 4527 
2359
208 2359 1673 2359 2359 4161 2359 4459 
2358
183 2358 257 2358 2358 2872 
2298
607 2298 727 2298 2298 3782 2298 4044 
2293
156 2293 1530 2293 2293 4761 
2292
1095 2292 1591 2292 2292 3847 
2289
492 2289 1597 2289 2289 2875 
2232
156 2232 427 2232 2232 2729 
2184
487 2184 851 2184 2184 4842 
2179
254 2179 415 2179 2179 3107 
2159
94 2159 264 2159 2159 3405 
2157
807 2157 2157 3610 2157 4898 
2136
18 2136 278 2136 2136 3025 2136 3874 
2092
459 2092 1128 2092 2092 3046 
2090
1812 2090 2090 3489 
2083
964 2083 1521 2083 2083 4886 
2081
1077 2081 2081 2953 
2078
223 2078 1668 2078 2078 2581 2078 2673 2078 3069 
2061
1705 2061 2061 4506 
2058
7 2058 932 2058 2058 2283 2058 2752 
2050
15 2050 1674 2050 2050 2185 2050 2646 2050 4887 
2011
11 2011 47 2011 2011 2970 2011 4835 
1968
7 1968 932 1968 1968 2510 1968 2703 1968 2813 
1931
134 1931 776 1931 1931 4567 
1878
369 1878 434 1878 1878 2100 1878 2121 1878 3137 
1871
154 1871 1871 3606 1871 3658 
1842
52 1842 58 1842 1842 4819 
1834
217 1834 465 1834 1834 4930 
1812
664 1812 
1808
121 1808 1546 1808 1808 2304 1808 2912 1808 4931 
1802
6 1802 52 1802 1802 3371 
1798
1012 1798 1798 1840 1798 3987 
1792
23 1792 807 1792 1792 3284 1792 4986 
1758
11 1758 18 1758 1758 1824 
1735
216 1735 504 1735 1735 3145 1735 3941 1735 4824 
1725
37 1725 92 1725 1725 3807 1725 4798 1725 4875 
1713
15 1713 83 1713 1713 2012 
1711
727 1711 1189 1711 1711 3768 
1705
139 1705 
1688
655 1688 1385 1688 1688 2323 1688 4632 
1677
513 1677 890 1677 1677 3602 
1673
208 1673 951 1673 1673 4161 1673 4399 
1661
77 1661 179 1661 1661 3219 
1546
121 1546 579 1546 1546 1689 1546 1722 1546 1973 1546 2912 1546 4931 
1526
77 1526 
1524
1515 1524 1524 4134 1524 4668 
1515
1189 1515 1515 3920 
1498
584 1498 1111 1498 1498 1692 1498 2386 1498 3237 
1494
8 1494 165 1494 1494 1519 1494 4394 1494 4823 
1491
4 1491 35 1491 1491 3850 1491 4040 
1482
64 1482 598 1482 1482 1626 1482 2042 1482 2129 
1466
280 1466 814 1466 1466 2858 1466 2959 1466 3916 1466 4409 
1446
204 1446 919 1446 1446 2346 1446 4463 
1433
786 1433 964 1433 1433 1983 1433 4468 
1420
94 1420 1303 1420 1420 1756 1420 2263 1420 4642 
1408
1378 1408 1408 2005 1408 2522 1408 4625 1408 4909 
1403
1201 1403 1403 2767 1403 3296 
1400
45 1400 74 1400 1400 2761 
1399
506 1399 527 1399 1399 3837 
1384
166 1384 
1378
564 1378 1378 2188 1378 2644 
1360
13 1360 404 1360 1360 1654 1360 4812 
1352
9 1352 896 1352 1352 1702 1352 3480 
1351
6 1351 52 1351 1351 2288 1351 3435 
1349
158 1349 1349 1994 1349 3391 1349 4442 1349 4478 
1348
253 1348 549 1348 1348 2817 1348 2949 1348 3062 1348 4555 
1346
42 1346 217 1346 1346 1373 1346 1866 1346 1927 
1341
1201 1341 1341 1942 
1327
709 1327 1327 1522 
1322
21 1322 840 1322 1322 3124 
1320
159 1320 529 1320 1320 1520 1320 1585 1320 3794 
1307
519 1307 528 1307 1307 1751 
1303
94 1303 1303 1756 1303 2126 1303 2674 
1292
1 1292 142 1292 1292 2473 1292 4423 
1278
261 1278 786 1278 1278 1339 1278 2120 1278 3156 1278 3524 1278 4543 
1268
94 1268 148 1268 1268 2198 1268 3187 
1267
6 1267 797 1267 1267 2322 
1253
28 1253 1253 1733 
1249
325 1249 950 1249 1249 2108 
1240
216 1240 504 1240 1240 1284 1240 1387 1240 2688 1240 4681 
1239
74 1239 1239 3082 
1233
11 1233 54 1233 1233 2069 1233 2107 1233 2192 1233 3079 
1213
192 1213 262 1213 1213 2913 1213 4724 
1201
710 1201 1201 2720 1201 2767 1201 3343 1201 4381 
1189
727 1189 1189 1449 1189 3249 1189 3768 1189 3920 
1187
513 1187 890 1187 1187 3516 
1167
402 1167 630 1167 1167 1690 
1135
156 1135 816 1135 1135 1166 1135 1508 1135 1784 1135 1923 1135 2671 1135 4149 
1092
4 1092 35 1092 1092 1226 1092 2412 1092 3744 1092 3893 1092 3986 1092 4162 1092 4243 
1090
18 1090 278 1090 1090 1529 1090 1746 1090 2984 
1088
3 1088 60 1088 1088 1476 1088 4510 1088 4923 
1083
45 1083 74 1083 1083 1464 1083 2636 1083 3487 1083 3653 1083 4836 
1077
46 1077 1077 2652 
1061
43 1061 710 1061 1061 1293 1061 3834 
1035
8 1035 237 1035 1035 4669 
1034
664 1034 748 1034 1034 1091 1034 2435 1034 4037 1034 4332 
1028
4 1028 44 1028 1028 1742 
1021
62 1021 96 1021 1021 1033 1021 2343 1021 4292 1021 4352 
1015
148 1015 686 1015 1015 3164 
1012
492 1012 1012 1597 1012 1840 1012 3993 1012 4957 
1010
216 1010 1010 3977 
994
192 994 754 994 994 1639 994 2001 
966
154 966 216 966 966 1355 966 1650 966 1660 
964
786 964 964 1521 964 1983 964 3340 964 3835 964 3936 964 3940 964 4886 
938
664 938 938 3867 
888
834 888 888 1350 888 1960 888 3770 888 3968 888 4557 888 4719 
887
0 887 13 887 887 1957 887 4476 887 4717 
879
17 879 879 2145 879 4587 
835
4 835 35 835 835 871 835 2759 
834
35 834 834 3997 834 4557 
826
134 826 826 2775 826 3194 826 3270 826 4546 
815
43 815 710 815 815 1328 
811
3 811 60 811 811 1158 811 3579 811 4804 
809
94 809 148 809 809 1161 
807
23 807 807 1577 807 2096 807 2631 807 3284 807 3610 
793
0 793 1 793 793 1889 793 2943 793 4350 
790
579 790 770 790 790 1764 790 3028 790 3932 790 4363 790 4636 
787
94 787 148 787 787 2388 787 3552 787 4648 
786
261 786 786 2120 786 4486 
781
409 781 494 781 781 1966 781 2683 
777
134 777 776 777 777 1621 777 4548 
757
48 757 627 757 757 1559 757 2575 757 4781 757 4786 
748
664 748 730 748 748 804 748 853 748 891 748 1091 748 1369 748 1415 748 2026 748 2435 748 3528 
734
427 734 734 1290 
727
607 727 727 1449 727 1656 
723
94 723 264 723 723 1164 723 1659 
719
11 719 54 719 719 1633 719 1754 719 2420 719 3627 719 4905 
716
54 716 716 941 
711
28 711 679 711 711 1843 711 2667 
710
43 710 710 3343 710 4589 
709
139 709 709 4741 
706
51 706 706 856 706 1023 706 3032 706 3731 706 3790 
702
64 702 702 2718 
701
142 701 169 701 701 765 
699
154 699 216 699 699 983 699 2260 699 2418 
690
35 690 690 3898 
683
37 683 92 683 683 817 683 1800 
674
150 674 512 674 674 1195 674 1344 674 1347 674 2508 674 2622 674 2837 
672
44 672 46 672 672 750 672 1919 672 3982 
664
522 664 664 730 664 759 664 891 664 991 664 1636 664 1760 664 2262 664 3428 664 4332 
657
28 657 263 657 657 2679 657 3575 657 4520 
650
150 650 306 650 650 1247 650 2357 
647
66 647 561 647 647 3483 
630
402 630 630 1912 
621
62 621 96 621 621 4735 
618
0 618 1 618 618 749 618 849 618 937 618 990 618 1967 618 2409 618 2934 618 3442 
616
192 616 369 616 616 3452 
609
13 609 609 2037 
607
216 607 607 3709 607 3782 607 4044 
602
11 602 602 958 602 1584 
584
3 584 38 584 584 844 584 1111 584 1375 584 1488 584 1574 584 1859 
579
121 579 579 770 579 1437 579 1689 579 1788 579 1973 579 3251 579 3661 579 3720 579 3932 
566
8 566 28 566 566 1402 566 1825 566 3241 566 4152 566 4497 
564
11 564 564 905 564 3902 
555
35 555 158 555 555 745 555 1074 
544
11 544 54 544 544 728 544 918 544 1453 544 1617 544 1779 544 4203 544 4840 
541
150 541 541 1637 541 2539 541 3970 
534
192 534 262 534 534 568 534 1904 534 4186 534 4357 534 4519 534 4783 
522
368 522 522 2923 
506
188 506 506 527 506 2699 506 2919 506 4959 
502
50 502 191 502 502 798 502 1703 
495
1 495 4 495 495 825 495 3129 495 4346 
492
3 492 492 1597 492 3369 492 3711 492 3993 492 4279 
490
47 490 490 638 490 1502 490 4387 490 4893 
485
13 485 485 2456 485 4417 485 4885 
462
42 462 56 462 462 836 462 2000 462 3067 462 4856 
459
0 459 13 459 459 1128 459 2415 459 3543 459 3964 
454
257 454 399 454 454 943 454 3038 
451
6 451 322 451 451 3851 451 4873 
449
334 449 368 449 449 511 449 773 449 959 449 1095 449 1342 449 1412 449 1781 449 3576 449 4010 
435
42 435 296 435 435 736 435 1064 
427
156 427 427 830 427 2729 
424
88 424 109 424 424 4121 
409
15 409 381 409 409 494 409 1432 409 1966 409 2447 409 2879 409 4799 
402
368 402 402 1301 402 1690 402 3572 402 3603 402 3985 402 4688 
401
269 401 383 401 401 3101 
391
16 391 42 391 391 2647 391 4545 
379
94 379 162 379 379 1511 379 3116 
376
41 376 204 376 376 1119 
369
192 369 262 369 369 406 369 434 369 1194 369 1632 369 2100 369 2171 369 3452 369 3577 369 3666 369 4309 369 4347 369 4425 
368
334 368 368 959 368 1301 368 1412 368 1680 368 1781 368 1786 368 2923 368 2983 368 3377 368 4122 368 4404 368 4549 
352
5 352 121 352 352 3925 
334
187 334 334 511 334 773 334 1174 334 1342 334 1448 334 1539 334 1588 334 1589 334 1965 334 3246 334 3336 334 3830 334 4260 334 4407 334 4439 334 4975 
332
0 332 1 332 332 2178 332 3098 
325
154 325 308 325 325 950 325 3366 
317
159 317 187 317 317 625 
313
37 313 92 313 313 1687 313 3961 
309
123 309 256 309 309 3297 
307
22 307 25 307 307 361 307 1729 307 3967 307 4630 
305
23 305 223 305 305 604 305 698 305 1429 305 2341 
295
0 295 1 295 295 2686 
285
237 285 242 285 285 1256 285 2648 285 3322 
282
8 282 133 282 282 758 282 4146 
280
3 280 5 280 280 814 280 1440 280 2022 280 2560 280 3899 
269
7 269 71 269 269 299 269 383 269 654 269 882 269 1159 269 1435 269 3228 269 4099 269 4480 269 4640 
264
94 264 261 264 264 708 264 1047 264 1659 264 2348 264 2925 264 3214 264 3405 264 3433 
263
8 263 28 263 263 760 263 1651 263 1855 263 1921 263 3133 
261
94 261 261 1047 261 1339 261 2172 261 2971 261 3214 
257
183 257 257 399 257 943 257 2872 
256
123 256 256 3919 
254
22 254 25 254 254 266 254 415 254 944 254 2335 254 2350 254 4380 254 4722 254 4971 
253
58 253 253 549 
251
8 251 28 251 251 327 251 2668 251 2754 
244
139 244 244 3904 
237
8 237 188 237 237 242 237 271 237 2944 237 4195 237 4669 
233
9 233 89 233 233 463 233 1227 233 2582 233 4236 
223
8 223 23 223 223 273 223 1668 223 2782 223 3316 223 3878 223 4540 
217
42 217 115 217 217 343 217 465 217 1191 217 1373 217 1927 217 3463 217 4009 217 4513 
216
154 216 216 308 216 504 216 983 216 1650 216 2260 216 2418 216 2437 216 3120 216 4824 
208
23 208 32 208 208 951 208 3154 208 4459 
204
41 204 45 204 204 919 204 1044 204 1119 204 3754 204 4560 
200
1 200 3 200 200 503 200 1139 
192
43 192 94 192 192 197 192 250 192 262 192 406 192 568 192 754 192 952 192 1514 192 1982 192 1997 192 2043 192 2048 192 2171 192 2380 192 3043 192 3108 192 3265 192 3503 192 3574 192 3637 192 4357 192 4525 
188
8 188 188 242 188 510 188 673 188 693 188 2684 188 2699 188 3906 188 4375 
187
159 187 187 1588 
183
158 183 183 1274 183 1450 183 1833 183 3478 
169
142 169 169 765 169 1175 169 3031 169 3155 
166
64 166 166 598 166 1029 166 2392 
160
27 160 73 160 160 340 160 1022 160 1749 160 2226 160 2841 160 3310 160 3719 160 3885 
159
148 159 159 529 159 625 159 1520 159 1899 159 4422 159 4601 
158
35 158 158 745 158 1074 158 1252 158 1274 158 1450 158 1833 158 3478 158 4368 
156
56 156 156 816 156 830 156 1407 156 1530 156 2279 156 2671 156 4149 156 4165 156 4731 156 4876 
154
54 154 154 308 154 976 154 1355 154 1660 154 2195 154 3658 154 4858 
150
1 150 150 306 150 512 150 2067 150 2176 150 2357 150 2593 150 2604 150 3970 150 4101 150 4233 
148
94 148 148 648 148 686 148 2198 148 2388 148 2750 148 3090 148 3518 148 3628 148 4157 148 4295 
146
43 146 77 146 146 289 146 392 146 396 146 1118 146 1504 146 1811 146 2580 146 2628 146 3529 146 4246 146 4849 
142
1 142 142 374 142 911 142 1002 142 1055 142 2033 142 2473 142 3374 142 4423 
139
8 139 139 165 139 1563 139 2774 139 3012 139 4816 
126
11 126 18 126 126 846 126 1484 126 2385 126 2816 126 3595 
123
92 123 123 872 123 954 123 3297 
121
5 121 121 134 121 501 121 513 121 578 121 1722 121 2304 121 2360 121 2911 121 3251 121 4703 121 4800 121 4963 
118
17 118 48 118 118 403 118 496 118 1618 118 2222 118 4349 
102
65 102 102 258 102 345 102 1389 102 3064 
98
4 98 43 98 98 100 98 182 98 351 98 509 98 589 98 597 98 1308 98 1334 98 1645 98 1910 98 2007 98 2118 98 2143 98 2328 98 3078 98 3230 98 3763 
94
43 94 94 162 94 197 94 262 94 708 94 904 94 952 94 1161 94 1164 94 1207 94 1410 94 1514 94 2263 94 2491 94 2682 94 2779 94 2903 94 2924 94 3226 94 3339 94 3552 94 3811 94 4229 94 4330 94 4642 94 4648 94 4721 94 4918 
92
37 92 92 872 92 954 92 1219 92 1687 92 1800 92 3807 92 3961 92 4173 92 4207 
77
43 77 77 179 77 392 77 543 77 623 77 1357 77 2915 
69
6 69 8 69 69 850 69 854 69 1059 69 1104 69 2085 69 2516 69 4742 
64
43 64 64 598 64 1053 64 1279 64 1535 64 1987 64 2042 64 2057 64 2457 64 3634 
62
26 62 62 96 62 940 62 1033 62 1946 62 2119 62 2343 62 4292 62 4735 
58
52 58 58 3645 58 4239 58 4489 58 4819 58 4991 
56
42 56 56 836 56 995 56 2000 56 2585 56 2805 56 3067 56 4575 56 4715 
54
11 54 54 291 54 640 54 655 54 728 54 918 54 961 54 1223 54 1552 54 1617 54 1633 54 1754 54 1990 54 2041 54 2069 54 2107 54 2192 54 2284 54 2619 54 3079 54 3404 54 3491 54 3627 54 4061 54 4125 54 4366 54 4613 54 4662 54 4840 54 4982 54 4995 
52
6 52 52 797 52 1963 52 3371 52 3663 52 3881 52 4297 52 4489 
51
13 51 
48
11 48 17 48 48 627 48 762 48 1262 48 1595 48 2075 48 2325 48 2596 48 3026 48 3454 48 3735 48 4397 48 4781 
47
11 47 47 524 47 638 47 2414 47 2970 47 4835 
46
44 46 46 333 46 750 46 1000 46 1919 46 2422 46 3217 46 3982 46 4289 46 4650 46 4758 46 4762 
45
41 45 45 74 45 919 45 1101 45 1116 45 1980 45 4285 45 4430 
44
4 44 44 333 44 1000 44 3277 
43
4 43 43 182 43 289 43 319 43 351 43 788 43 823 43 847 43 870 43 930 43 1075 43 1094 43 1143 43 1293 43 1328 43 1535 43 1615 43 1620 43 2043 43 2057 43 2224 43 2328 43 2394 43 2399 43 2455 43 2580 43 2910 43 3002 43 3271 43 3338 43 3494 43 3727 43 3834 43 3848 43 4246 43 4626 43 4744 
42
16 42 42 115 42 296 42 343 42 350 42 432 42 1014 42 1081 42 1191 42 1434 42 1469 42 1716 42 1866 42 2605 42 2860 42 3300 42 3507 42 3957 42 3989 42 4088 42 4179 42 4467 42 4529 42 4545 42 4839 
41
13 41 41 404 41 1044 41 1731 41 1819 
37
3 37 37 65 37 172 37 550 37 817 37 894 37 1219 37 1706 37 3407 37 3412 37 3419 37 4798 37 4875 
35
4 35 35 871 35 1226 35 2759 35 4040 35 4202 35 4243 35 4368 
30
21 30 29 30 30 141 30 582 30 2895 
26
3 26 26 1946 26 2738 
19
3 19 11 19 19 90 19 196 19 700 19 1163 19 1534 19 1814 19 3330 19 3801 19 3909 
16
4 16 16 2647 16 3507 
15
0 15 13 15 15 83 15 161 15 181 15 381 15 469 15 611 15 917 15 1432 15 1672 15 1674 15 1698 15 1714 15 1767 15 2185 15 2396 15 2926 
13
0 13 13 181 13 381 13 404 13 452 13 521 13 1248 13 1281 13 1354 13 1441 13 1674 13 1819 13 1929 13 1957 13 2415 13 2600 13 4556 13 4627 13 4717 13 4812 
11
3 11 11 17 11 18 11 20 11 22 11 31 11 36 11 90 11 97 11 194 11 196 11 203 11 240 11 272 11 358 11 372 11 456 11 499 11 517 11 677 11 689 11 724 11 846 11 895 11 905 11 1079 11 1129 11 1140 11 1259 11 1376 11 1453 11 1671 11 1876 11 2075 11 2414 11 2815 11 2962 11 3053 11 3279 11 3708 11 3779 11 3801 11 3815 11 3902 11 4257 11 4397 11 4415 11 4740 11 4905 
8
6 8 8 23 8 28 8 133 8 165 8 176 8 271 8 273 8 322 8 327 8 487 8 850 8 854 8 860 8 877 8 1104 8 1165 8 1270 8 1402 8 1553 8 1563 8 1641 8 1710 8 2074 8 2439 8 2516 8 2639 8 2681 8 2684 8 2748 8 2754 8 2802 8 2810 8 2944 8 2969 8 2992 8 3012 8 3133 8 3168 8 4117 8 4146 8 4823 
6
3 6 6 7 6 27 6 71 6 73 6 110 6 128 6 143 6 190 6 207 6 209 6 225 6 227 6 235 6 322 6 430 6 525 6 574 6 653 6 747 6 763 6 764 6 797 6 819 6 863 6 931 6 932 6 1057 6 1059 6 1087 6 1122 6 1177 6 1196 6 1257 6 1406 6 1496 6 1510 6 1513 6 1527 6 1550 6 1556 6 1605 6 1613 6 1630 6 1721 6 1766 6 1894 6 1939 6 2288 6 2302 6 2494 6 2669 6 2810 6 2973 6 3040 6 3146 6 3161 6 3435 6 3437 6 3488 6 3667 6 3864 6 3879 6 4102 6 4175 6 4269 6 4297 6 4304 6 4402 6 4447 6 4810 6 4832 6 4937 6 4962 
5
3 5 5 300 5 637 5 814 5 997 5 1188 5 1440 5 1775 5 2022 5 2182 5 3925 5 4661 5 4888 
4
1 4 4 100 4 1620 4 1742 4 3129 4 3744 4 3850 4 3893 4 3986 4 4007 4 4266 4 4454 4 4690 
3
1 3 3 7 3 10 3 14 3 21 3 27 3 38 3 55 3 59 3 60 3 79 3 111 3 116 3 119 3 122 3 128 3 132 3 137 3 153 3 222 3 279 3 300 3 314 3 321 3 328 3 339 3 360 3 365 3 375 3 388 3 420 3 470 3 471 3 479 3 535 3 563 3 565 3 608 3 626 3 696 3 700 3 729 3 755 3 785 3 833 3 844 3 869 3 889 3 1063 3 1115 3 1136 3 1154 3 1162 3 1221 3 1236 3 1237 3 1251 3 1324 3 1414 3 1443 3 1534 3 1547 3 1557 3 1581 3 1775 3 1805 3 1844 3 1879 3 1907 3 1947 3 1952 3 1953 3 1972 3 1979 3 2002 3 2010 3 2016 3 2025 3 2030 3 2071 3 2073 3 2142 3 2149 3 2290 3 2330 3 2349 3 2431 3 2481 3 2483 3 2485 3 2570 3 2676 3 2791 3 2884 3 2901 3 3209 3 3325 3 3378 3 3471 3 3502 3 3513 3 3752 3 3777 3 3843 3 3899 3 4016 3 4127 3 4228 3 4257 3 4281 3 4313 3 4348 3 4377 3 4391 3 4441 3 4491 3 4551 3 4565 3 4605 3 4628 3 4631 3 4760 3 4813 3 4913 3 4932 3 4945 
1
0 1 1 9 1 14 1 21 1 24 1 29 1 33 1 34 1 39 1 40 1 61 1 66 1 68 1 78 1 95 1 105 1 114 1 127 1 138 1 149 1 163 1 195 1 267 1 274 1 286 1 303 1 360 1 367 1 374 1 384 1 412 1 421 1 484 1 503 1 561 1 576 1 610 1 642 1 644 1 649 1 659 1 661 1 691 1 717 1 737 1 799 1 805 1 825 1 831 1 832 1 840 1 897 1 937 1 972 1 975 1 1003 1 1011 1 1139 1 1181 1 1182 1 1193 1 1200 1 1209 1 1214 1 1243 1 1254 1 1283 1 1285 1 1306 1 1364 1 1390 1 1461 1 1537 1 1644 1 1693 1 1762 1 1776 1 1793 1 1810 1 1831 1 1935 1 2067 1 2114 1 2141 1 2156 1 2178 1 2200 1 2212 1 2241 1 2243 1 2324 1 2326 1 2351 1 2374 1 2431 1 2461 1 2710 1 2786 1 2818 1 2849 1 2855 1 2857 1 3037 1 3049 1 3098 1 3218 1 3261 1 3281 1 3308 1 3388 1 3460 1 3498 1 3499 1 3605 1 4001 1 4139 1 4209 1 4226 1 4235 1 4251 1 4259 1 4312 1 4322 1 4433 1 4621 1 4679 1 4727 1 4739 1 4837 1 4921 1 4941 
it 3
4757
2143 4757 3763 4757 4757 4881 
4599
1004 4599 2303 4599 4599 4738 
4511
2924 4511 3226 4511 4511 4768 
4376
3037 4376 4312 4376 4376 4403 
4272
66 4272 561 4272 4272 4408 
4239
3645 4239 4239 4991 
4212
640 4212 655 4212 4212 4973 
4101
2176 4101 4101 4233 
4061
2619 4061 4061 4366 
3906
693 3906 3906 4375 
3818
3389 3818 3818 4583 
3813
1026 3813 1245 3813 3813 4592 
3799
1115 3799 2884 3799 3799 4802 
3770
1350 3770 3770 3968 
3752
889 3752 3752 4913 
3740
66 3740 1693 3740 3740 4796 
3679
1750 3679 1917 3679 3679 3857 
3605
831 3605 3605 4727 
3577
2100 3577 3577 4347 3577 4425 
3576
511 3576 3576 4010 
3574
406 3574 3574 4525 
3524
3156 3524 3524 4543 
3482
25 3482 1729 3482 3482 4398 
3466
143 3466 1057 3466 3466 4006 
3415
195 3415 661 3415 3415 3638 
3414
870 3414 1143 3414 3414 4750 
3391
1994 3391 3391 4478 
3362
484 3362 3218 3362 3362 4032 3362 4314 
3246
1448 3246 3246 4439 
3232
151 3232 2004 3232 3232 3697 3232 4474 
3207
61 3207 149 3207 3207 4253 
3193
661 3193 717 3193 3193 4145 3193 4287 
3168
1553 3168 3168 4117 
3156
2120 3156 
3096
1004 3096 3042 3096 3096 4153 
3062
2949 3062 3062 4555 
3057
1045 3057 1759 3057 3057 4530 
2903
2491 2903 2903 4918 
2892
17 2892 2812 2892 2892 3240 
2855
897 2855 2855 4739 
2818
14 2818 2818 4209 
2792
0 2792 66 2792 2792 3517 
2774
165 2774 2774 4816 
2766
116 2766 119 2766 2766 3201 
2688
1387 2688 2688 4681 
2669
1556 2669 2669 4962 
2655
314 2655 388 2655 2655 3162 
2619
728 2619 
2603
137 2603 365 2603 2603 4254 
2527
110 2527 143 2527 2527 4030 
2514
1990 2514 2041 2514 2514 2707 
2491
2263 2491 
2485
755 2485 2485 4813 
2481
60 2481 2481 3325 
2471
788 2471 2224 2471 2471 2500 2471 3933 
2463
272 2463 1079 2463 2463 4871 
2462
704 2462 1017 2462 2462 4759 
2461
163 2461 2461 3498 
2443
17 2443 627 2443 2443 2678 2443 4337 
2439
860 2439 2439 2748 
2438
1014 2438 1081 2438 2438 2852 2438 4639 
2381
127 2381 286 2381 2381 3093 2381 3272 
2379
239 2379 1038 2379 2379 4746 
2373
597 2373 1910 2373 2373 3557 
2368
272 2368 517 2368 2368 4488 
2281
897 2281 2241 2281 2281 4361 
2268
182 2268 319 2268 2268 3257 
2206
279 2206 1115 2206 2206 4323 
2176
306 2176 
2165
22 2165 372 2165 2165 4866 
2149
471 2149 2149 4491 
2141
661 2141 2141 3308 
2093
1136 2093 1251 2093 2093 3759 
2089
1014 2089 1081 2089 2089 3118 
2071
55 2071 2071 4391 
1997
1514 1997 1997 3637 
1976
1196 1976 1510 1976 1976 4079 
1940
762 1940 1262 1940 1940 3458 
1907
38 1907 1907 2025 
1855
760 1855 1855 1921 
1832
55 1832 375 1832 1832 1949 1832 2504 
1826
9 1826 78 1826 1826 1955 1826 2871 
1822
114 1822 303 1822 1822 2862 1822 3135 
1805
889 1805 1805 2483 
1766
1122 1766 1766 3864 
1749
340 1749 1749 3719 
1716
1191 1716 1716 4839 
1714
917 1714 1714 2396 
1658
10 1658 79 1658 1658 3956 1658 3978 
1649
487 1649 860 1649 1649 1873 
1630
1550 1630 1630 4175 
1603
762 1603 1262 1603 1603 1789 
1601
149 1601 1011 1601 1601 1748 
1589
511 1589 1589 3830 1589 4260 
1581
7 1581 1581 1879 
1556
128 1556 
1553
176 1553 
1550
1406 1550 1550 3667 
1495
110 1495 1257 1495 1495 2664 
1488
1111 1488 1488 1859 
1477
97 1477 240 1477 1477 2375 1477 2402 1477 3793 1477 4288 
1471
55 1471 116 1471 1471 2208 1471 3063 
1469
115 1469 1469 3957 1469 4467 1469 4529 
1461
195 1461 1461 3281 1461 4322 
1454
279 1454 1115 1454 1454 1544 1454 4597 
1438
34 1438 805 1438 1438 2819 
1435
71 1435 1435 3228 1435 4480 
1434
1014 1434 1434 2860 
1415
853 1415 1415 3528 
1410
1207 1410 1410 2924 
1406
322 1406 
1387
1284 1387 
1334
509 1334 1334 3230 
1285
40 1285 1285 2106 1285 3037 1285 4251 
1223
961 1223 1223 4613 
1209
831 1209 1209 4001 
1194
434 1194 1194 4309 
1122
863 1122 
1094
823 1094 1094 4744 
1075
870 1075 1075 3338 
1050
228 1050 428 1050 1050 2034 1050 4136 
1023
856 1023 1023 3032 
996
116 996 119 996 996 2317 996 3462 
977
29 977 127 977 977 1936 977 4055 
972
61 972 972 1390 
961
655 961 961 4662 
931
7 931 931 4832 
917
469 917 
889
563 889 889 4441 
833
479 833 833 1557 
831
274 831 
729
339 729 729 2002 729 2349 729 2676 
722
343 722 350 722 722 855 722 914 722 2270 722 4723 
691
503 691 691 4621 
670
151 670 316 670 670 1676 670 2513 
649
114 649 649 1182 649 4139 
636
34 636 61 636 636 3401 
583
7 583 10 583 583 629 
576
374 576 576 4921 
574
73 574 574 1196 574 1496 
563
116 563 563 755 563 2637 
562
95 562 195 562 562 1655 562 3332 
543
392 543 543 2915 
493
110 493 143 493 493 2559 
479
119 479 
471
321 471 471 1640 471 2142 471 4844 
469
83 469 
468
440 468 444 468 468 922 468 3395 
466
194 466 272 466 466 635 466 2316 
370
153 370 279 370 370 803 370 1205 
359
55 359 132 359 359 3506 
346
10 346 79 346 346 382 346 947 346 3363 346 3615 
321
279 321 321 1640 321 4127 
314
59 314 314 388 314 869 314 1060 314 4065 
235
27 235 235 4102 235 4937 
119
116 119 119 153 119 228 119 1138 119 1154 119 1663 119 1818 119 1956 119 2009 119 2486 119 2960 119 3209 119 3462 119 3862 119 3946 119 4634 119 4899 119 4985 
116
55 116 116 294 116 328 116 440 116 752 116 1072 116 1151 116 1972 116 2208 116 2317 116 2637 116 2882 116 3063 116 3197 116 3201 116 3988 116 4452 116 4619 116 4934 
104
10 104 79 104 104 695 
78
9 78 78 95 78 386 78 789 78 1955 78 2871 78 3831 78 4140 
59
10 59 59 542 59 1298 59 2791 
40
0 40 40 267 40 2106 
it 4
4634
3862 4634 4634 4899 
3862
2960 3862 
3197
2882 3197 3197 3988 
2960
1956 2960 
2882
440 2882 
2291
97 2291 240 2291 2291 3545 
1956
1818 1956 1956 2009 
1818
1138 1818 
1663
228 1663 1663 2486 
1151
1072 1151 1151 4452 1151 4619 
1078
22 1078 372 1078 1078 4978 
1072
440 1072 
