it 1
5028
10 5028 45 5028 158 5028 312 5028 332 5028 383 5028 427 5028 436 5028 440 5028 540 5028 549 5028 594 5028 641 5028 884 5028 957 5028 1061 5028 1082 5028 1177 5028 1238 5028 1288 5028 1307 5028 1313 5028 1340 5028 1406 5028 1409 5028 1443 5028 1501 5028 1568 5028 1606 5028 1657 5028 1686 5028 1740 5028 1752 5028 1771 5028 1954 5028 2031 5028 2246 5028 2250 5028 2272 5028 2299 5028 2346 5028 2494 5028 2562 5028 2602 5028 2659 5028 2695 5028 2716 5028 2736 5028 2749 5028 2826 5028 2871 5028 2909 5028 2983 5028 3027 5028 3188 5028 3190 5028 3255 5028 3284 5028 3490 5028 3575 5028 3583 5028 3806 5028 3867 5028 3919 5028 3927 5028 4006 5028 4029 5028 4046 5028 4187 5028 4200 5028 4233 5028 4277 5028 4299 5028 4451 5028 4523 5028 4536 5028 4613 5028 4640 5028 4683 5028 4689 5028 4718 5028 4773 5028 4828 5028 4859 5028 4950 5028 4975 5028 4997 5028 5017 5028 
it 2
5010
331 5010 568 5010 677 5010 1093 5010 1685 5010 1799 5010 1957 5010 2118 5010 2412 5010 2508 5010 2579 5010 2606 5010 2988 5010 3068 5010 3281 5010 3460 5010 3744 5010 4122 5010 4185 5010 4273 5010 4565 5010 4677 5010 4984 5010 
4988
417 4988 575 4988 687 4988 1111 4988 1603 4988 2112 4988 2318 4988 2441 4988 2588 4988 3782 4988 3793 4988 4358 4988 4432 4988 4533 4988 4623 4988 4744 4988 
4987
86 4987 1466 4987 2957 4987 4228 4987 4494 4987 4981 4987 
4984
144 4984 1271 4984 1758 4984 2235 4984 2905 4984 3321 4984 3582 4984 3599 4984 3964 4984 4271 4984 4504 4984 
4981
1369 4981 1513 4981 1608 4981 1781 4981 2234 4981 2532 4981 2663 4981 2685 4981 2936 4981 3267 4981 3356 4981 3500 4981 3986 4981 4144 4981 4147 4981 4217 4981 4275 4981 4464 4981 4577 4981 4981 4996 4981 5024 
4962
292 4962 996 4962 1378 4962 1509 4962 1735 4962 3439 4962 3473 4962 3477 4962 4002 4962 4839 4962 4921 4962 4962 5009 
4959
803 4959 1318 4959 1351 4959 1535 4959 1991 4959 4189 4959 4337 4959 4539 4959 4806 4959 
4949
954 4949 1007 4949 1408 4949 1987 4949 3401 4949 4351 4949 4411 4949 4727 4949 
4933
712 4933 1709 4933 3196 4933 3430 4933 4273 4933 4395 4933 4666 4933 4842 4933 
4929
258 4929 398 4929 3982 4929 4271 4929 4402 4929 
4925
3509 4925 3738 4925 4186 4925 4925 4948 4925 5017 
4911
507 4911 1465 4911 3800 4911 4549 4911 4911 4998 4911 5018 
4904
576 4904 1653 4904 3320 4904 3866 4904 4160 4904 
4864
2022 4864 3052 4864 3976 4864 4389 4864 4434 4864 4769 4864 
4860
521 4860 659 4860 768 4860 789 4860 2819 4860 3093 4860 4792 4860 
4842
1974 4842 3551 4842 4215 4842 4485 4842 4842 5014 
4820
2704 4820 3477 4820 3884 4820 3890 4820 4308 4820 
4806
1355 4806 1590 4806 1633 4806 4155 4806 
4769
1496 4769 2490 4769 3986 4769 4085 4769 4669 4769 
4727
710 4727 4727 5022 
4590
2627 4590 4590 5005 
4503
195 4503 3315 4503 3749 4503 4503 4647 
4464
1189 4464 4308 4464 
4434
1300 4434 2788 4434 
4430
384 4430 2363 4430 4346 4430 
4411
2632 4411 3345 4411 4411 4907 
4402
3260 4402 3691 4402 
4355
1871 4355 2638 4355 3913 4355 4355 4537 
4346
2356 4346 
4344
2347 4344 2896 4344 4344 4888 4344 4898 4344 5009 
4337
4337 4995 
4312
659 4312 4312 4738 4312 4877 
4308
3432 4308 
4273
1588 4273 4246 4273 
4271
1935 4271 2461 4271 2980 4271 4271 5018 
4186
1052 4186 3772 4186 
4160
481 4160 1303 4160 4160 4899 
3986

3913
2627 3913 
3866
3772 3866 
3772

3749
136 3749 
3691
1080 3691 1200 3691 1225 3691 3691 4635 
3477
2315 3477 3477 4814 
3315
1575 3315 3315 4837 
2957
1709 2957 
2788
2788 4419 2788 5026 
2638
2638 4852 
2627

2363
2363 3750 2363 4631 
1709

1633
1633 4992 
659

417
417 574 417 5012 
136
136 1721 136 2619 
it 3
5027
8 5027 101 5027 114 5027 147 5027 166 5027 251 5027 260 5027 324 5027 341 5027 420 5027 472 5027 630 5027 757 5027 922 5027 925 5027 1185 5027 1398 5027 1474 5027 1559 5027 1580 5027 1649 5027 1747 5027 1762 5027 1939 5027 1988 5027 2014 5027 2029 5027 2030 5027 2054 5027 2067 5027 2411 5027 2454 5027 2515 5027 2544 5027 2570 5027 2728 5027 2759 5027 2774 5027 2833 5027 2844 5027 3013 5027 3032 5027 3203 5027 3275 5027 3297 5027 3371 5027 3408 5027 3448 5027 3528 5027 3628 5027 3843 5027 3878 5027 3926 5027 3929 5027 4068 5027 4188 5027 4213 5027 4257 5027 4313 5027 4382 5027 4501 5027 4505 5027 4567 5027 4705 5027 4788 5027 4857 5027 4891 5027 4944 5027 4998 5027 
5006
126 5006 598 5006 695 5006 1059 5006 1062 5006 1467 5006 1520 5006 1539 5006 1968 5006 1983 5006 2086 5006 2120 5006 2841 5006 2910 5006 2974 5006 3494 5006 3935 5006 4010 5006 4087 5006 4224 5006 4658 5006 4844 5006 4939 5006 5006 5022 
5004
22 5004 265 5004 274 5004 609 5004 668 5004 1044 5004 1779 5004 2303 5004 2858 5004 3087 5004 3125 5004 3370 5004 3431 5004 3673 5004 3920 5004 4261 5004 4527 5004 4588 5004 4832 5004 
5000
30 5000 70 5000 886 5000 1073 5000 1191 5000 1347 5000 2148 5000 2483 5000 2615 5000 3268 5000 3381 5000 3483 5000 3634 5000 3783 5000 3854 5000 4130 5000 
4994
1572 4994 1688 4994 1690 4994 2291 4994 2621 4994 2745 4994 3009 4994 3673 4994 3687 4994 4210 4994 4855 4994 4896 4994 4992 4994 
4992
56 4992 182 4992 446 4992 1312 4992 1750 4992 2142 4992 2446 4992 2877 4992 4305 4992 4576 4992 
4991
394 4991 1076 4991 1114 4991 1828 4991 2065 4991 2242 4991 2489 4991 2814 4991 2904 4991 4136 4991 4396 4991 4957 4991 
4986
1458 4986 1612 4986 1674 4986 2069 4986 2317 4986 3600 4986 3822 4986 4887 4986 
4969
1041 4969 1218 4969 1969 4969 2098 4969 2174 4969 2920 4969 3024 4969 3059 4969 3169 4969 3589 4969 4065 4969 4350 4969 4372 4969 4446 4969 4958 4969 
4968
800 4968 1522 4968 1743 4968 1830 4968 2201 4968 2295 4968 2382 4968 2596 4968 2777 4968 3732 4968 4152 4968 4680 4968 4968 5008 
4964
1287 4964 1497 4964 1985 4964 2399 4964 2688 4964 2763 4964 2894 4964 3337 4964 4269 4964 
4960
1336 4960 1532 4960 2317 4960 2527 4960 3359 4960 4912 4960 
4957
746 4957 1504 4957 2468 4957 2873 4957 3104 4957 3968 4957 4199 4957 4611 4957 4679 4957 4722 4957 
4939
1952 4939 2046 4939 2197 4939 2913 4939 3318 4939 3613 4939 3724 4939 4235 4939 4269 4939 
4926
1095 4926 4581 4926 4926 4998 4926 5023 
4920
229 4920 4127 4920 4289 4920 4901 4920 
4910
142 4910 929 4910 1489 4910 3655 4910 3847 4910 4636 4910 
4908
476 4908 573 4908 1855 4908 2444 4908 3537 4908 4496 4908 4908 5022 
4901
519 4901 3266 4901 3633 4901 4901 4980 
4887
1013 4887 2258 4887 2660 4887 3574 4887 4326 4887 
4885
129 4885 3921 4885 4823 4885 
4882
221 4882 764 4882 802 4882 2535 4882 2592 4882 2600 4882 3175 4882 3847 4882 
4873
336 4873 461 4873 1570 4873 2285 4873 2757 4873 3045 4873 3270 4873 4008 4873 4716 4873 
4844
2107 4844 2424 4844 
4838
2191 4838 2687 4838 3469 4838 3954 4838 4831 4838 4838 4977 
4831
3046 4831 4631 4831 
4827
109 4827 164 4827 547 4827 2323 4827 2967 4827 3936 4827 4756 4827 
4823
4000 4823 4823 4996 
4811
12 4811 1209 4811 1847 4811 3486 4811 4544 4811 4811 5023 
4788
1188 4788 1339 4788 
4784
443 4784 632 4784 4784 4946 
4771
536 4771 648 4771 2296 4771 3475 4771 4745 4771 4771 4809 4771 4974 
4756
679 4756 1174 4756 1280 4756 2991 4756 4285 4756 
4745
2362 4745 2365 4745 2927 4745 
4735
389 4735 1070 4735 3821 4735 3979 4735 4357 4735 
4716
1098 4716 1441 4716 1630 4716 2975 4716 3097 4716 
4714
1143 4714 4357 4714 4714 5011 
4688
392 4688 1696 4688 2841 4688 4480 4688 4581 4688 
4636
826 4636 2352 4636 3042 4636 3084 4636 
4581
196 4581 4222 4581 4581 4871 
4513
787 4513 1995 4513 3042 4513 
4475
705 4475 3589 4475 
4455
3732 4455 4050 4455 4190 4455 4455 4531 
4396
84 4396 376 4396 1013 4396 2287 4396 3001 4396 
4372
4372 5023 
4365
179 4365 1280 4365 3680 4365 4365 4631 
4357
1994 4357 
4305
1615 4305 4208 4305 4305 4853 
4269
1263 4269 2267 4269 
4208
765 4208 4050 4208 
4127
2894 4127 3486 4127 
4050
3933 4050 
3941
60 3941 562 3941 705 3941 3899 3941 3921 3941 
3921
2395 3921 
3854
3745 3854 
3847

3821
2273 3821 3821 4795 
3815
496 3815 746 3815 1441 3815 2939 3815 
3745
787 3745 3745 4380 
3742
2174 3742 3048 3742 3742 4977 
3732

3677
3563 3677 3677 5024 
3673
1512 3673 
3589
1157 3589 
3566
325 3566 2441 3566 
3563
1339 3563 
3560
651 3560 1504 3560 
3486
3486 4216 
3370
856 3370 1732 3370 2967 3370 
3266
2999 3266 3018 3266 
3042

2999
325 2999 
2991
2991 5009 
2967
2967 4315 
2927
993 2927 2927 4660 
2894
349 2894 
2841
2841 3212 
2444
2444 4898 
2441
886 2441 
2424
289 2424 2424 5026 
2317
460 2317 
2285
720 2285 
2273
632 2273 2273 2921 
2174
2174 4671 
1504
1504 1725 
1441
1441 4219 
1339
1042 1339 1339 2666 
1280

1013
1013 1482 
886

787
24 787 787 3364 
746

720
720 794 720 1269 720 4998 
705

651
651 4603 
632
360 632 
335
335 3817 335 4835 
325

it 4
4383
3895 4383 4367 4383 4383 4706 
4367
1022 4367 3497 4367 
3497
2475 3497 3380 3497 3497 4937 
