it 1
5006
126 5006 598 5006 695 5006 1059 5006 1062 5006 1467 5006 1520 5006 1539 5006 1968 5006 1983 5006 2086 5006 2120 5006 2841 5006 2910 5006 2974 5006 3494 5006 3935 5006 4010 5006 4087 5006 4224 5006 4658 5006 4844 5006 4939 5006 5006 5022 
it 2
5025
189 5025 213 5025 272 5025 282 5025 486 5025 500 5025 778 5025 970 5025 1035 5025 1103 5025 1248 5025 1268 5025 1452 5025 1680 5025 1788 5025 2124 5025 2130 5025 2189 5025 2204 5025 2264 5025 2336 5025 2338 5025 2372 5025 2514 5025 2605 5025 3002 5025 3251 5025 3325 5025 3342 5025 3676 5025 3901 5025 3937 5025 4026 5025 4898 5025 4907 5025 4970 5025 
5023
97 5023 162 5023 310 5023 457 5023 1183 5023 1282 5023 1335 5023 1510 5023 1981 5023 2041 5023 2450 5023 3132 5023 3160 5023 3195 5023 3341 5023 3419 5023 3597 5023 3829 5023 4372 5023 4534 5023 4693 5023 4811 5023 4926 5023 
5017
68 5017 570 5017 631 5017 892 5017 964 5017 1183 5017 1530 5017 1625 5017 2079 5017 2432 5017 2470 5017 2796 5017 3476 5017 4240 5017 4417 5017 4477 5017 4828 5017 4851 5017 4925 5017 5017 5028 
5007
190 5007 1034 5007 1694 5007 1861 5007 1984 5007 2052 5007 2359 5007 2721 5007 2911 5007 3235 5007 3278 5007 3785 5007 3817 5007 4732 5007 4777 5007 4801 5007 
4997
175 4997 351 4997 974 4997 1255 4997 1274 4997 2002 4997 2151 4997 2603 4997 2810 4997 4282 4997 4311 4997 4922 4997 4961 4997 4997 5028 
4988
417 4988 575 4988 687 4988 1111 4988 1603 4988 2112 4988 2318 4988 2441 4988 2588 4988 3782 4988 3793 4988 4358 4988 4432 4988 4533 4988 4623 4988 4744 4988 
4987
86 4987 1466 4987 2957 4987 4228 4987 4494 4987 4981 4987 
4986
1458 4986 1612 4986 1674 4986 2069 4986 2317 4986 3600 4986 3822 4986 4887 4986 
4977
232 4977 1592 4977 1598 4977 2212 4977 2265 4977 2637 4977 2760 4977 2966 4977 3742 4977 4097 4977 4110 4977 4838 4977 4977 4978 
4976
449 4976 821 4976 1110 4976 1170 4976 1676 4976 2793 4976 3109 4976 3136 4976 3142 4976 3240 4976 3367 4976 4254 4976 4526 4976 4835 4976 4856 4976 4915 4976 
4969
1041 4969 1218 4969 1969 4969 2098 4969 2174 4969 2920 4969 3024 4969 3059 4969 3169 4969 3589 4969 4065 4969 4350 4969 4372 4969 4446 4969 4958 4969 
4962
292 4962 996 4962 1378 4962 1509 4962 1735 4962 3439 4962 3473 4962 3477 4962 4002 4962 4839 4962 4921 4962 4962 5009 
4960
1336 4960 1532 4960 2317 4960 2527 4960 3359 4960 4912 4960 
4949
954 4949 1007 4949 1408 4949 1987 4949 3401 4949 4351 4949 4411 4949 4727 4949 
4937
526 4937 564 4937 1424 4937 1448 4937 2091 4937 2396 4937 3497 4937 3709 4937 3917 4937 4667 4937 4937 5016 
4933
712 4933 1709 4933 3196 4933 3430 4933 4273 4933 4395 4933 4666 4933 4842 4933 
4931
453 4931 2856 4931 3094 4931 3278 4931 3792 4931 4764 4931 
4922
469 4922 1839 4922 2332 4922 2560 4922 2573 4922 2700 4922 2933 4922 3603 4922 3692 4922 4390 4922 
4910
142 4910 929 4910 1489 4910 3655 4910 3847 4910 4636 4910 
4907
437 4907 516 4907 2571 4907 2727 4907 3128 4907 3788 4907 3889 4907 4411 4907 4786 4907 
4899
203 4899 715 4899 1019 4899 1270 4899 1711 4899 2125 4899 2674 4899 3150 4899 4012 4899 4160 4899 
4898
224 4898 2337 4898 2444 4898 2670 4898 4325 4898 4344 4898 4618 4898 4796 4898 
4897
730 4897 1912 4897 3129 4897 4363 4897 4818 4897 
4887
1013 4887 2258 4887 2660 4887 3574 4887 4326 4887 
4877
2344 4877 2486 4877 3668 4877 4312 4877 4341 4877 4790 4877 
4838
2191 4838 2687 4838 3469 4838 3954 4838 4831 4838 
4837
658 4837 2328 4837 3315 4837 4607 4837 
4835
335 4835 339 4835 4835 4870 
4831
3046 4831 4631 4831 
4820
2704 4820 3477 4820 3884 4820 3890 4820 4308 4820 
4818
369 4818 3245 4818 3719 4818 3722 4818 4263 4818 
4811
12 4811 1209 4811 1847 4811 3486 4811 4544 4811 
4788
1188 4788 1339 4788 4788 5027 
4786
2590 4786 2730 4786 3484 4786 3876 4786 4204 4786 4621 4786 
4764
151 4764 214 4764 2495 4764 3025 4764 4081 4764 
4740
1806 4740 3503 4740 4263 4740 4538 4740 
4727
710 4727 4727 5022 
4706
3007 4706 3149 4706 4383 4706 4706 4772 
4636
826 4636 2352 4636 3042 4636 3084 4636 
4631
1793 4631 1941 4631 2363 4631 4365 4631 4631 4654 4631 5026 
4618
1805 4618 3150 4618 4229 4618 4359 4618 4410 4618 
4607
831 4607 2579 4607 4017 4607 
4568
430 4568 2325 4568 3162 4568 4568 4783 
4538
423 4538 2887 4538 2997 4538 4213 4538 
4533
1205 4533 3859 4533 4204 4533 
4513
787 4513 1995 4513 3042 4513 
4464
1189 4464 4308 4464 4464 4981 
4430
384 4430 2363 4430 4346 4430 
4411
2632 4411 3345 4411 
4396
84 4396 376 4396 1013 4396 2287 4396 3001 4396 4396 4991 
4383
3895 4383 4367 4383 
4372

4367
1022 4367 3497 4367 
4365
179 4365 1280 4365 3680 4365 
4363
1594 4363 3089 4363 
4346
2356 4346 
4344
2347 4344 2896 4344 4344 4888 4344 5009 
4312
659 4312 4312 4738 
4308
3432 4308 
4273
1588 4273 4246 4273 4273 5010 
4263

4240
511 4240 3668 4240 3683 4240 
4213
4213 4819 4213 5027 
4204
36 4204 
4127
2894 4127 3486 4127 4127 4920 
4098
839 4098 1370 4098 1739 4098 
3854
3745 3854 3854 5000 
3847
3847 4882 
3817
335 3817 3817 4073 3817 4507 
3745
787 3745 3745 4380 
3742
2174 3742 3048 3742 
3677
3563 3677 3677 5024 
3673
1512 3673 3673 4994 3673 5004 
3668

3566
325 3566 2441 3566 
3563
1339 3563 
3497
2475 3497 3380 3497 
3486
3486 4216 
3477
2315 3477 3477 4814 
3278

3266
2999 3266 3018 3266 3266 4901 
3162
1690 3162 2641 3162 
3150
3150 4225 
3042

3007
556 3007 3007 4942 
2999
325 2999 
2957
1709 2957 
2933
2674 2933 
2894
349 2894 2894 4964 
2796
2588 2796 
2674
1765 2674 2674 4173 
2588

2579
910 2579 2579 5010 
2495
1121 2495 
2470
839 2470 
2444
2444 4908 
2441
886 2441 
2363
2363 3750 
2356
276 2356 1739 2356 2356 4474 
2328
1258 2328 2163 2328 
2325
1258 2325 
2317
460 2317 
2174
2174 4671 
1739

1709

1690
1690 4994 
1452
1121 1452 1452 4641 
1339
1042 1339 1339 2666 
1280
1280 4756 
1258

1183

1121
1121 3238 
1013
1013 1482 
839
839 1432 
787
24 787 787 3364 
335

325

it 3
5024
40 5024 242 5024 366 5024 634 5024 734 5024 854 5024 905 5024 1565 5024 1888 5024 1897 5024 2121 5024 2369 5024 2813 5024 2986 5024 3077 5024 3101 5024 3445 5024 3608 5024 3850 5024 3911 5024 4028 5024 4061 5024 4192 5024 4205 5024 4267 5024 4274 5024 4321 5024 4774 5024 4981 5024 4983 5024 
5018
43 5018 174 5018 210 5018 333 5018 426 5018 442 5018 492 5018 738 5018 759 5018 780 5018 1026 5018 1853 5018 2179 5018 2211 5018 2217 5018 2358 5018 2485 5018 2548 5018 2935 5018 3034 5018 3939 5018 4271 5018 4316 5018 4349 5018 4483 5018 4840 5018 4868 5018 4911 5018 
5012
417 5012 688 5012 1763 5012 1825 5012 1875 5012 2222 5012 2633 5012 3540 5012 4535 5012 4572 5012 4606 5012 4728 5012 4895 5012 
4983
146 4983 407 4983 466 4983 538 4983 4070 4983 4521 4983 4728 4983 
4981
1369 4981 1513 4981 1608 4981 1781 4981 2234 4981 2532 4981 2663 4981 2685 4981 2936 4981 3267 4981 3356 4981 3500 4981 3986 4981 4144 4981 4147 4981 4217 4981 4275 4981 4577 4981 4981 4996 
4959
803 4959 1318 4959 1351 4959 1535 4959 1991 4959 4189 4959 4337 4959 4539 4959 4806 4959 
4946
975 4946 3340 4946 4660 4946 4784 4946 4946 4982 
4929
258 4929 398 4929 3982 4929 4271 4929 4402 4929 
4917
1297 4917 1990 4917 2113 4917 4683 4917 4800 4917 
4911
507 4911 1465 4911 3800 4911 4549 4911 4911 4998 
4895
684 4895 2185 4895 3661 4895 4078 4895 4859 4895 
4864
2022 4864 3052 4864 3976 4864 4389 4864 4434 4864 4769 4864 
4859
391 4859 3629 4859 4859 4936 4859 5028 
4827
109 4827 164 4827 547 4827 2323 4827 2967 4827 3936 4827 4756 4827 
4806
1355 4806 1590 4806 1633 4806 4155 4806 
4800
1642 4800 2922 4800 3091 4800 4635 4800 
4784
443 4784 632 4784 
4769
1496 4769 2490 4769 3986 4769 4085 4769 4669 4769 
4756
679 4756 1174 4756 2991 4756 4285 4756 
4745
2362 4745 2365 4745 2927 4745 4745 4771 
4735
389 4735 1070 4735 3821 4735 3979 4735 4357 4735 
4728
1744 4728 2499 4728 3335 4728 
4714
1143 4714 4357 4714 4714 5011 
4683
587 4683 4683 5028 
4660
911 4660 1732 4660 2927 4660 
4635
3691 4635 4010 4635 
4434
1300 4434 2788 4434 
4402
3260 4402 3691 4402 
4357
1994 4357 
4337
4337 4995 
4271
1935 4271 2461 4271 2980 4271 4271 4984 
3986

3821
2273 3821 3821 4795 
3780
2250 3780 3653 3780 3780 4390 
3691
1080 3691 1200 3691 1225 3691 
3370
856 3370 1732 3370 2967 3370 3370 5004 
2991
2991 5009 
2967
2967 4315 
2927
993 2927 
2788
2788 4419 2788 5026 
2273
632 2273 2273 2921 
2250
2250 3997 2250 5028 
1732

1633
1633 4992 
632
360 632 
360
360 4449 
