it 1
4981
153 4981 172 4981 407 4981 421 4981 487 4981 506 4981 669 4981 705 4981 834 4981 907 4981 1065 4981 1256 4981 1404 4981 1496 4981 1600 4981 1617 4981 1647 4981 1756 4981 1816 4981 1851 4981 1907 4981 1971 4981 1986 4981 2010 4981 2092 4981 2102 4981 2111 4981 2123 4981 2135 4981 2166 4981 2298 4981 2394 4981 2462 4981 2468 4981 2497 4981 2520 4981 2546 4981 2608 4981 2709 4981 2781 4981 2822 4981 2879 4981 2968 4981 2975 4981 3025 4981 3103 4981 3133 4981 3223 4981 3225 4981 3237 4981 3288 4981 3295 4981 3326 4981 3411 4981 3428 4981 3439 4981 3472 4981 3586 4981 3673 4981 3685 4981 3698 4981 3700 4981 3714 4981 3765 4981 3784 4981 3800 4981 3803 4981 3830 4981 3874 4981 3884 4981 3966 4981 3970 4981 4023 4981 4097 4981 4146 4981 4160 4981 4161 4981 4164 4981 4171 4981 4180 4981 4184 4981 4189 4981 4205 4981 4209 4981 4227 4981 4253 4981 4282 4981 4302 4981 4335 4981 4365 4981 4382 4981 4431 4981 4450 4981 4454 4981 4497 4981 4540 4981 4555 4981 4562 4981 4564 4981 4584 4981 4608 4981 4625 4981 4636 4981 4641 4981 4666 4981 4690 4981 4704 4981 4722 4981 4745 4981 4780 4981 4797 4981 4816 4981 4828 4981 4830 4981 4834 4981 4836 4981 4852 4981 4878 4981 4899 4981 4914 4981 4915 4981 4917 4981 4931 4981 4935 4981 4942 4981 4943 4981 4944 4981 4946 4981 4959 4981 4961 4981 4965 4981 4970 4981 4974 4981 4975 4981 4977 4981 
it 2
4963
482 4963 506 4963 721 4963 1204 4963 2432 4963 2889 4963 2970 4963 3118 4963 3468 4963 3604 4963 3865 4963 4043 4963 4055 4963 4130 4963 4132 4963 4629 4963 4788 4963 4793 4963 4892 4963 
4952
2577 4952 3016 4952 3026 4952 3373 4952 3415 4952 3434 4952 3447 4952 3989 4952 4135 4952 4227 4952 4263 4952 4332 4952 4745 4952 4852 4952 4893 4952 4936 4952 
4938
411 4938 647 4938 890 4938 1567 4938 1590 4938 1857 4938 2470 4938 3316 4938 3481 4938 3551 4938 4028 4938 4245 4938 4277 4938 4324 4938 4376 4938 4460 4938 4465 4938 4483 4938 4534 4938 4545 4938 4687 4938 4717 4938 4840 4938 4899 4938 
4933
218 4933 1390 4933 1642 4933 1675 4933 2024 4933 3194 4933 3778 4933 4069 4933 4235 4933 4367 4933 4559 4933 4609 4933 4706 4933 4845 4933 4857 4933 4876 4933 4923 4933 4933 4953 4933 4959 
4920
100 4920 229 4920 331 4920 542 4920 2211 4920 3237 4920 3866 4920 3939 4920 3977 4920 4050 4920 4164 4920 4193 4920 4451 4920 4647 4920 4759 4920 4821 4920 4917 4920 
4907
1072 4907 1380 4907 1667 4907 1774 4907 2073 4907 2491 4907 2602 4907 3683 4907 4744 4907 4802 4907 
4900
709 4900 1176 4900 1361 4900 1630 4900 2499 4900 4030 4900 4069 4900 4103 4900 4191 4900 4193 4900 
4895
1302 4895 3121 4895 3725 4895 4025 4895 4613 4895 4685 4895 4843 4895 
4888
141 4888 309 4888 1307 4888 1457 4888 3467 4888 3951 4888 4261 4888 4690 4888 4842 4888 4862 4888 
4887
164 4887 2141 4887 2728 4887 4050 4887 4158 4887 4304 4887 4462 4887 4610 4887 4700 4887 4771 4887 4782 4887 4872 4887 4887 4968 
4875
277 4875 1720 4875 2274 4875 2607 4875 3841 4875 3934 4875 4839 4875 4875 4927 4875 4941 4875 4950 
4874
722 4874 1152 4874 3581 4874 4090 4874 4282 4874 4642 4874 4796 4874 4874 4966 4874 4971 
4873
597 4873 813 4873 2780 4873 2893 4873 3500 4873 4088 4873 4135 4873 4160 4873 4351 4873 4479 4873 4495 4873 4794 4873 4873 4899 
4869
272 4869 1961 4869 2814 4869 3218 4869 3472 4869 3512 4869 3551 4869 4130 4869 4364 4869 4648 4869 4719 4869 4837 4869 4869 4913 4869 4980 
4863
324 4863 440 4863 558 4863 630 4863 1013 4863 1886 4863 1981 4863 3160 4863 3483 4863 3519 4863 3538 4863 3698 4863 3895 4863 4171 4863 4378 4863 4644 4863 4693 4863 4736 4863 4863 4878 4863 4968 
4860
135 4860 186 4860 266 4860 973 4860 1334 4860 1777 4860 1863 4860 2117 4860 2248 4860 2460 4860 3077 4860 3266 4860 3452 4860 3475 4860 4378 4860 4379 4860 4474 4860 4573 4860 4844 4860 
4859
1245 4859 1319 4859 1376 4859 2095 4859 3413 4859 4021 4859 4056 4859 4074 4859 4270 4859 4350 4859 4542 4859 4632 4859 4705 4859 4809 4859 4833 4859 
4851
1689 4851 3451 4851 3561 4851 4255 4851 4526 4851 4851 4962 
4840
73 4840 788 4840 902 4840 1203 4840 1461 4840 1781 4840 2445 4840 2462 4840 2736 4840 3184 4840 3531 4840 3974 4840 4263 4840 4840 4932 4840 4980 
4835
1089 4835 2828 4835 3102 4835 3909 4835 4609 4835 
4826
120 4826 469 4826 594 4826 1015 4826 3018 4826 3267 4826 3808 4826 3997 4826 4278 4826 4618 4826 4702 4826 4826 4892 
4823
2465 4823 2579 4823 4301 4823 4395 4823 4823 4953 4823 4979 
4819
1103 4819 2022 4819 3103 4819 3160 4819 4012 4819 4564 4819 4819 4959 
4817
4 4817 155 4817 652 4817 1447 4817 1901 4817 2956 4817 3107 4817 3178 4817 4084 4817 4206 4817 4762 4817 4763 4817 4817 4844 4817 4871 4817 4978 4817 4980 
4813
507 4813 1958 4813 2107 4813 2475 4813 3220 4813 3554 4813 3598 4813 3768 4813 4230 4813 4813 4831 4813 4843 
4811
2212 4811 2958 4811 3452 4811 4589 4811 4811 4930 
4807
748 4807 784 4807 1975 4807 3108 4807 3593 4807 3745 4807 4807 4915 4807 4972 
4805
1377 4805 2068 4805 2810 4805 3281 4805 4610 4805 4747 4805 4755 4805 4805 4921 
4804
640 4804 1330 4804 2260 4804 2353 4804 3197 4804 3541 4804 3567 4804 3663 4804 4707 4804 4760 4804 4804 4852 
4794
1991 4794 2462 4794 2720 4794 3008 4794 4298 4794 4706 4794 4794 4942 
4790
307 4790 1307 4790 3722 4790 3820 4790 4790 4861 
4787
1485 4787 2195 4787 2370 4787 3405 4787 3538 4787 3981 4787 4115 4787 4337 4787 4431 4787 4569 4787 4787 4881 
4784
2067 4784 2614 4784 2879 4784 2949 4784 3566 4784 4132 4784 4711 4784 
4782
548 4782 992 4782 1549 4782 3636 4782 3707 4782 3784 4782 4433 4782 4782 4925 4782 4961 4782 4975 
4776
747 4776 1204 4776 3199 4776 3805 4776 4458 4776 4776 4803 4776 4838 
4769
861 4769 2323 4769 2416 4769 3129 4769 4140 4769 4209 4769 4492 4769 4493 4769 4714 4769 4769 4852 4769 4959 4769 4970 4769 4974 
4759
884 4759 1458 4759 1598 4759 2780 4759 4072 4759 4577 4759 4579 4759 4759 4824 4759 4901 4759 4956 
4758
421 4758 1549 4758 3823 4758 3857 4758 4134 4758 4347 4758 4415 4758 4672 4758 
4756
35 4756 411 4756 1722 4756 3083 4756 3096 4756 3242 4756 3430 4756 4004 4756 4756 4980 
4750
470 4750 1489 4750 1509 4750 3047 4750 3810 4750 4214 4750 4245 4750 4300 4750 4750 4780 4750 4893 4750 4974 4750 4980 
4747
440 4747 1617 4747 2894 4747 3092 4747 3903 4747 4316 4747 4747 4754 
4742
100 4742 434 4742 1490 4742 1491 4742 2639 4742 2974 4742 3505 4742 4230 4742 4495 4742 4538 4742 4638 4742 
4736
148 4736 1868 4736 2384 4736 2390 4736 3874 4736 3896 4736 4124 4736 4326 4736 4578 4736 4626 4736 4736 4883 4736 4969 
4734
2254 4734 3047 4734 4219 4734 4734 4882 4734 4904 4734 4980 
4733
184 4733 2047 4733 3904 4733 4719 4733 4733 4789 
4726
873 4726 2939 4726 4073 4726 4689 4726 
4719
1050 4719 2961 4719 3597 4719 4422 4719 4687 4719 4693 4719 4711 4719 4719 4797 4719 4918 4719 4943 
4717
403 4717 988 4717 1503 4717 3379 4717 4359 4717 4703 4717 4717 4862 
4715
3369 4715 3967 4715 4455 4715 4715 4816 
4711
2056 4711 2415 4711 2529 4711 3216 4711 3243 4711 3774 4711 3842 4711 4015 4711 4091 4711 4267 4711 
4703
1148 4703 1778 4703 1851 4703 1973 4703 4024 4703 4196 4703 4703 4978 
4702
668 4702 766 4702 1652 4702 1690 4702 4083 4702 4394 4702 4654 4702 4702 4910 
4698
2166 4698 2710 4698 4524 4698 4649 4698 
4694
2576 4694 4272 4694 4545 4694 4650 4694 4694 4700 
4693
242 4693 321 4693 1393 4693 2592 4693 2738 4693 4584 4693 4640 4693 4693 4721 4693 4932 4693 4959 
4688
527 4688 2189 4688 2467 4688 3218 4688 3423 4688 4279 4688 4294 4688 4589 4688 4688 4971 
4675
1742 4675 2980 4675 3156 4675 4412 4675 
4662
1014 4662 1025 4662 1266 4662 1311 4662 1509 4662 3707 4662 3767 4662 4094 4662 4388 4662 
4659
557 4659 1858 4659 1900 4659 2742 4659 3555 4659 4659 4664 
4658
1328 4658 3711 4658 4253 4658 4658 4864 
4656
557 4656 822 4656 3460 4656 3880 4656 4656 4864 4656 4877 
4651
824 4651 3401 4651 3886 4651 3996 4651 4502 4651 4651 4890 
4650
758 4650 2199 4650 3460 4650 3671 4650 4263 4650 4418 4650 4650 4902 4650 4966 4650 4974 
4649
1080 4649 2995 4649 3083 4649 3735 4649 3960 4649 4052 4649 4246 4649 4263 4649 
4644
856 4644 3259 4644 3324 4644 3631 4644 3811 4644 4575 4644 4644 4664 4644 4729 4644 4968 
4639
1297 4639 1640 4639 1867 4639 
4638
1407 4638 1847 4638 2249 4638 2916 4638 3227 4638 3921 4638 3987 4638 4638 4683 4638 4724 4638 4829 4638 4842 
4634
679 4634 1361 4634 1930 4634 2875 4634 3823 4634 3840 4634 4546 4634 4634 4754 4634 4971 
4628
2210 4628 2757 4628 3695 4628 3995 4628 
4626
1038 4626 1324 4626 3092 4626 3914 4626 4470 4626 4626 4828 4626 4858 4626 4905 4626 4925 4626 4980 
4621
362 4621 1036 4621 2909 4621 2943 4621 3104 4621 4563 4621 
4618
2841 4618 4618 4706 
4617
1889 4617 3510 4617 4363 4617 4617 4692 4617 4845 
4616
704 4616 939 4616 3541 4616 3622 4616 
4613
81 4613 120 4613 620 4613 881 4613 2814 4613 
4612
1042 4612 2097 4612 2102 4612 2926 4612 3890 4612 4454 4612 4539 4612 4612 4683 4612 4957 4612 4980 
4611
1849 4611 2642 4611 3370 4611 3792 4611 4611 4814 
4607
302 4607 1038 4607 1774 4607 3684 4607 4247 4607 4441 4607 4462 4607 4607 4706 
4603
418 4603 826 4603 1219 4603 2288 4603 2667 4603 3933 4603 4603 4884 
4601
1335 4601 1891 4601 
4595
1331 4595 1856 4595 3837 4595 4129 4595 4346 4595 4437 4595 4454 4595 
4593
730 4593 3269 4593 3984 4593 4302 4593 4466 4593 4593 4935 4593 4976 
4589
1691 4589 3257 4589 3689 4589 4311 4589 4410 4589 
4581
3198 4581 4330 4581 4371 4581 4581 4836 4581 4971 
4580
3715 4580 3923 4580 4251 4580 4417 4580 
4579
3884 4579 4216 4579 4241 4579 4579 4624 
4576
1379 4576 2971 4576 4230 4576 4576 4716 4576 4949 
4570
3985 4570 4570 4886 
4566
1285 4566 3146 4566 3584 4566 3639 4566 
4559
3604 4559 4559 4562 4559 4980 
4556
290 4556 692 4556 1255 4556 3375 4556 3934 4556 4479 4556 4556 4729 4556 4958 4556 4969 
4553
575 4553 1261 4553 4428 4553 4553 4881 4553 4922 4553 4953 
4545
2817 4545 2970 4545 4545 4941 4545 4975 
4538
402 4538 996 4538 1845 4538 2661 4538 2949 4538 4094 4538 4538 4777 4538 4796 
4535
491 4535 2618 4535 3528 4535 4429 4535 4454 4535 4535 4954 
4530
150 4530 1033 4530 2498 4530 4099 4530 4530 4935 4530 4974 
4529
403 4529 791 4529 2102 4529 2717 4529 3031 4529 3132 4529 4023 4529 4529 4956 
4524
973 4524 2012 4524 2204 4524 4040 4524 4406 4524 4500 4524 4524 4789 
4518
1356 4518 3113 4518 3145 4518 3726 4518 3951 4518 4097 4518 4518 4567 4518 4962 4518 4978 
4516
1133 4516 2106 4516 3405 4516 3967 4516 4126 4516 4516 4816 4516 4830 
4512
1593 4512 2123 4512 2409 4512 2873 4512 4100 4512 4512 4695 4512 4718 4512 4915 
4508
1254 4508 1344 4508 1470 4508 3266 4508 4508 4903 4508 4915 
4507
970 4507 1171 4507 1557 4507 4111 4507 4236 4507 4507 4525 4507 4619 4507 4969 
4505
321 4505 1152 4505 2521 4505 2962 4505 4112 4505 4505 4563 4505 4582 
4504
851 4504 1604 4504 3415 4504 4172 4504 4504 4891 4504 4966 
4501
397 4501 814 4501 3485 4501 3650 4501 3686 4501 3887 4501 4435 4501 4501 4950 4501 4968 
4500
3896 4500 4026 4500 4171 4500 4500 4640 4500 4943 
4495
609 4495 1344 4495 1617 4495 2057 4495 3756 4495 3990 4495 4495 4676 4495 4953 
4480
2470 4480 4480 4939 
4479
1060 4479 1256 4479 4146 4479 4253 4479 
4473
49 4473 1009 4473 1113 4473 3099 4473 3234 4473 4473 4564 4473 4966 
4470
1502 4470 3090 4470 3724 4470 3786 4470 3934 4470 4151 4470 4394 4470 4470 4855 
4467
1010 4467 2243 4467 2515 4467 4467 4541 4467 4906 
4463
294 4463 1354 4463 1733 4463 2475 4463 2599 4463 4463 4896 4463 4924 
4456
436 4456 2484 4456 3156 4456 3662 4456 4129 4456 4243 4456 4456 4724 4456 4975 
4455
990 4455 2337 4455 2578 4455 2809 4455 4455 4961 
4451
317 4451 4451 4531 4451 4903 4451 4980 
4443
191 4443 1697 4443 2361 4443 4151 4443 4443 4858 4443 4951 
4437
709 4437 2696 4437 3685 4437 4018 4437 4437 4722 4437 4942 
4436
1261 4436 2516 4436 2626 4436 3648 4436 4008 4436 4087 4436 4436 4898 
4435
3287 4435 4060 4435 4435 4738 4435 4785 4435 4796 4435 4925 
4434
998 4434 3082 4434 4088 4434 4257 4434 
4425
1290 4425 4425 4429 4425 4599 
4424
677 4424 919 4424 1302 4424 4044 4424 4424 4797 4424 4980 
4421
1 4421 2962 4421 3844 4421 4421 4569 4421 4957 
4406
1762 4406 4406 4980 
4404
1299 4404 1397 4404 2957 4404 
4403
992 4403 1523 4403 
4393
3379 4393 4393 4497 4393 4622 4393 4728 
4384
3520 4384 3617 4384 4096 4384 4384 4925 4384 4973 
4380
471 4380 1762 4380 3854 4380 4380 4623 4380 4781 
4379
1647 4379 3109 4379 3966 4379 
4378
971 4378 1354 4378 4007 4378 
4371
1769 4371 2194 4371 2709 4371 4371 4964 
4368
348 4368 1685 4368 3894 4368 4368 4940 4368 4977 
4367
258 4367 2673 4367 2857 4367 3667 4367 4299 4367 
4366
480 4366 498 4366 3247 4366 4042 4366 4366 4426 4366 4763 
4355
3128 4355 4355 4671 4355 4942 4355 4971 
4354
917 4354 2302 4354 2602 4354 4354 4852 4354 4974 
4351
1965 4351 3424 4351 4351 4511 4351 4716 4351 4866 
4348
1330 4348 2530 4348 3525 4348 3674 4348 4348 4678 4348 4929 4348 4947 4348 4948 
4347
1568 4347 4347 4936 4347 4956 4347 4957 
4346
2670 4346 4346 4410 
4345
1480 4345 3148 4345 4302 4345 4325 4345 4345 4949 4345 4980 
4340
1233 4340 1260 4340 1335 4340 1588 4340 2440 4340 2676 4340 3655 4340 
4333
2490 4333 2512 4333 3063 4333 3351 4333 4333 4602 4333 4818 
4332
2548 4332 3060 4332 4332 4343 
4325
3791 4325 3968 4325 4313 4325 4325 4604 4325 4760 4325 4816 
4321
3312 4321 3870 4321 3947 4321 3968 4321 4218 4321 4321 4975 
4312
1756 4312 2581 4312 4312 4972 
4311
16 4311 4311 4958 
4309
2861 4309 3628 4309 4309 4927 4309 4980 
4305
1210 4305 1629 4305 1659 4305 2813 4305 4305 4564 
4301
175 4301 1958 4301 2731 4301 3181 4301 3613 4301 4301 4568 4301 4641 4301 4723 
4296
1139 4296 2458 4296 2521 4296 4142 4296 4296 4521 
4290
1899 4290 3935 4290 4230 4290 4290 4356 4290 4428 
4283
1796 4283 2007 4283 2323 4283 4283 4947 
4269
115 4269 626 4269 748 4269 2309 4269 3961 4269 4269 4901 4269 4966 4269 4980 
4263
3124 4263 
4258
2294 4258 2548 4258 4258 4761 4258 4978 
4257
691 4257 2251 4257 3993 4257 4257 4796 
4256
714 4256 2837 4256 2940 4256 3353 4256 3394 4256 4174 4256 4218 4256 4231 4256 4256 4304 4256 4577 4256 4729 
4251
1081 4251 1106 4251 1165 4251 1682 4251 1776 4251 3411 4251 4204 4251 4251 4886 4251 4931 
4245
261 4245 1062 4245 2434 4245 3259 4245 4026 4245 4039 4245 
4234
1769 4234 2316 4234 
4233
500 4233 701 4233 1949 4233 3857 4233 4233 4737 
4230
1703 4230 1963 4230 2614 4230 4230 4255 4230 4839 4230 4922 
4222
976 4222 3723 4222 4222 4943 4222 4968 
4219
61 4219 438 4219 577 4219 750 4219 1994 4219 2260 4219 
4216
248 4216 2606 4216 4216 4913 4216 4948 4216 4968 
4210
2022 4210 4210 4370 
4206
4206 4866 
4203
1098 4203 1116 4203 1351 4203 3809 4203 4103 4203 4203 4503 4203 4803 4203 4960 
4202
2739 4202 3581 4202 4202 4886 4202 4958 
4199
2823 4199 4199 4441 
4195
996 4195 1395 4195 1574 4195 2644 4195 2805 4195 3489 4195 3755 4195 3827 4195 
4182
572 4182 796 4182 2586 4182 2634 4182 
4174
1624 4174 1698 4174 4067 4174 4174 4684 4174 4973 
4172
2805 4172 2971 4172 4032 4172 4172 4286 4172 4523 4172 4763 4172 4896 
4169
714 4169 4169 4677 4169 4962 
4168
1888 4168 3751 4168 3849 4168 4168 4917 4168 4959 
4167
2788 4167 3059 4167 3938 4167 4167 4849 
4155
909 4155 1483 4155 2284 4155 4080 4155 4133 4155 4155 4772 
4154
2341 4154 2878 4154 
4153
261 4153 1470 4153 1867 4153 3897 4153 4153 4180 
4151
177 4151 2123 4151 2707 4151 3073 4151 3468 4151 4151 4953 
4150
2398 4150 2689 4150 2738 4150 
4149
3266 4149 4149 4847 
4139
310 4139 2412 4139 3064 4139 3913 4139 4139 4708 4139 4879 
4132
935 4132 4132 4272 
4130
635 4130 1444 4130 2220 4130 2787 4130 4130 4520 4130 4661 
4129
1155 4129 2092 4129 2206 4129 3789 4129 4129 4218 4129 4832 
4125
900 4125 998 4125 3560 4125 4125 4304 
4111
944 4111 2463 4111 2980 4111 3181 4111 3697 4111 4111 4979 
4108
4108 4833 4108 4901 4108 4968 
4094
2108 4094 2581 4094 2589 4094 4094 4724 4094 4774 
4093
762 4093 3036 4093 4093 4973 
4091
557 4091 2622 4091 3444 4091 3998 4091 4091 4849 4091 4973 
4088
341 4088 1329 4088 2052 4088 2332 4088 3031 4088 3208 4088 3777 4088 4088 4919 
4083
2463 4083 4083 4972 
4078
140 4078 2474 4078 2778 4078 3428 4078 4078 4953 
4074
670 4074 2968 4074 4074 4402 
4070
1714 4070 4005 4070 4070 4389 4070 4728 
4069
664 4069 2498 4069 3821 4069 4069 4902 
4060
4060 4277 4060 4892 4060 4902 4060 4932 4060 4979 
4056
283 4056 3091 4056 3583 4056 3829 4056 4056 4575 
4055
303 4055 3129 4055 4055 4462 4055 4746 
4054
317 4054 829 4054 2304 4054 2420 4054 3658 4054 
4053
2277 4053 2412 4053 2723 4053 4053 4976 
4050
425 4050 3025 4050 3194 4050 4050 4300 
4046
539 4046 4046 4959 4046 4960 4046 4969 
4042
1427 4042 2542 4042 2590 4042 3056 4042 4042 4755 
4040
2778 4040 3457 4040 3871 4040 4040 4977 
4036
2949 4036 3744 4036 3998 4036 4036 4777 4036 4940 
4031
1863 4031 4031 4961 4031 4978 
4029
1607 4029 2825 4029 4029 4369 
4020
560 4020 1031 4020 4020 4313 4020 4767 4020 4886 4020 4896 
4018
21 4018 919 4018 2215 4018 2290 4018 2737 4018 2878 4018 3061 4018 4018 4802 
4017
945 4017 1345 4017 2788 4017 3682 4017 4017 4978 
4005
1778 4005 3571 4005 3828 4005 
4002
1186 4002 4002 4184 4002 4460 4002 4865 4002 4962 
4000
3441 4000 4000 4243 4000 4909 
3998
2895 3998 3924 3998 3957 3998 3998 4067 
3991
509 3991 2287 3991 3991 3995 
3986
3986 4171 3986 4971 
3984
3932 3984 3984 4395 
3983
1174 3983 3983 4897 
3981
3981 4073 
3968
1316 3968 1589 3968 2223 3968 2414 3968 3968 4939 3968 4967 
3967
1617 3967 1664 3967 2915 3967 
3950
1536 3950 3275 3950 3524 3950 
3948
775 3948 1875 3948 2528 3948 3587 3948 3948 4116 3948 4276 3948 4670 
3947
3947 4732 
3943
3495 3943 3943 3965 
3940
1335 3940 3940 4376 3940 4966 
3934
995 3934 2785 3934 3754 3934 3767 3934 
3933
1129 3933 1490 3933 
3932
1281 3932 3120 3932 3128 3932 3932 4929 3932 4970 3932 4972 
3926
2966 3926 3926 4231 3926 4892 
3920
3920 4097 3920 4944 
3914
784 3914 3255 3914 3914 4200 3914 4525 3914 4721 
3898
3898 4908 3898 4917 3898 4970 
3897
2691 3897 3897 4972 
3895
2710 3895 
3894
381 3894 2622 3894 3894 4356 3894 4647 
3891
828 3891 3437 3891 3891 4870 3891 4945 
3889
13 3889 2506 3889 3472 3889 
3886
898 3886 3886 4102 3886 4934 3886 4967 3886 4980 
3879
3879 4820 3879 4891 3879 4964 
3873
782 3873 1267 3873 2616 3873 3695 3873 
3870
3870 4532 3870 4555 
3862
3450 3862 3862 3909 3862 4871 
3861
2133 3861 3683 3861 3861 4669 3861 4791 3861 4968 
3859
33 3859 3216 3859 3449 3859 3859 4555 3859 4653 3859 4886 3859 4943 
3857
1155 3857 2976 3857 
3856
1395 3856 2552 3856 
3854
323 3854 407 3854 1713 3854 1798 3854 2097 3854 3848 3854 
3851
468 3851 867 3851 1246 3851 1636 3851 1862 3851 1961 3851 3531 3851 
3848
1300 3848 2454 3848 3848 3999 3848 4081 3848 4877 3848 4964 3848 4971 
3844
2943 3844 3844 4643 
3840
1459 3840 3250 3840 3278 3840 3840 4671 
3837
2361 3837 3079 3837 3837 4440 3837 4684 
3836
3573 3836 3836 4881 
3833
1351 3833 3833 4217 3833 4870 3833 4969 
3822
490 3822 2441 3822 2907 3822 3722 3822 
3816
1857 3816 3200 3816 3424 3816 3816 4073 3816 4648 3816 4976 
3815
10 3815 673 3815 757 3815 1678 3815 3815 4409 3815 4979 
3814
2081 3814 3814 4592 
3793
3793 4008 3793 4884 
3789
972 3789 2541 3789 3789 4536 3789 4968 
3785
2115 3785 2435 3785 3688 3785 
3781
2966 3781 3036 3781 
3778
625 3778 1429 3778 3389 3778 3778 4429 3778 4830 3778 4978 
3775
1250 3775 2763 3775 3775 4904 
3774
2384 3774 2754 3774 3132 3774 3774 4971 
3768
2235 3768 2440 3768 3768 4250 
3767
3261 3767 3767 4253 
3766
791 3766 3239 3766 3766 4979 
3764
144 3764 3764 4496 
3760
1691 3760 2743 3760 2849 3760 3044 3760 3760 4597 3760 4687 3760 4954 
3758
2333 3758 3758 3860 3758 4857 
3757
3722 3757 3757 4225 3757 4444 
3756
2377 3756 2690 3756 2707 3756 3756 4706 
3753
306 3753 2038 3753 
3751
1840 3751 1865 3751 2148 3751 2505 3751 3751 4196 3751 4810 3751 4980 
3750
1661 3750 3121 3750 
3749
3749 4672 3749 4902 3749 4972 
3748
3748 4350 3748 4376 3748 4620 
3746
3731 3746 3746 4196 
3735
3735 4781 3735 4897 3735 4968 
3732
296 3732 2699 3732 3732 4710 3732 4832 
3731
75 3731 950 3731 
3730
2752 3730 3099 3730 3730 4950 
3725
2739 3725 3725 4975 
3724
3724 3849 3724 4138 
3722
2424 3722 2570 3722 3250 3722 3261 3722 
3718
1665 3718 2445 3718 3421 3718 3718 4142 
3710
2370 3710 3695 3710 
3709
2143 3709 3709 4098 
3706
2712 3706 3118 3706 3140 3706 3706 4307 
3703
702 3703 791 3703 1720 3703 
3701
3163 3701 3701 4165 3701 4879 
3697
3697 4575 3697 4783 
3694
1711 3694 1987 3694 3694 4614 
3692
2041 3692 3682 3692 3692 3871 3692 4356 
3688
3688 3780 
3687
2343 3687 3075 3687 3086 3687 3687 4551 
3670
1526 3670 2743 3670 3670 4964 
3664
3664 4722 3664 4866 
3658
1480 3658 2887 3658 
3656
1243 3656 1556 3656 2287 3656 3656 4891 3656 4947 
3655
227 3655 3625 3655 3655 3825 3655 4801 
3653
2949 3653 3653 4707 3653 4926 
3648
1138 3648 2106 3648 3045 3648 
3638
3162 3638 3638 4356 3638 4899 3638 4929 
3635
137 3635 2684 3635 3635 4394 
3631
89 3631 3631 3807 3631 4212 3631 4735 
3630
686 3630 1025 3630 2518 3630 3152 3630 3482 3630 3630 4767 3630 4791 
3628
2185 3628 3223 3628 3628 4905 3628 4976 
3619
671 3619 2670 3619 3589 3619 3619 4019 
3615
1663 3615 3615 3982 3615 4249 
3613
233 3613 2024 3613 3613 4960 3613 4980 
3611
472 3611 2716 3611 
3609
1664 3609 3609 4491 3609 4886 
3604
427 3604 2202 3604 3117 3604 
3598
1829 3598 3177 3598 
3597
835 3597 3135 3597 3597 4951 3597 4973 
3596
2534 3596 3596 3625 
3581
2263 3581 2769 3581 3479 3581 3581 4771 3581 4949 
3575
964 3575 1829 3575 
3573
929 3573 3347 3573 
3566
1188 3566 3566 4408 3566 4513 
3565
1138 3565 1474 3565 3565 4968 
3551
1282 3551 2319 3551 3551 4247 3551 4564 
3541
3541 4979 
3539
880 3539 2129 3539 3539 4772 
3531
956 3531 1065 3531 1729 3531 2971 3531 3335 3531 3343 3531 3531 3546 3531 4966 
3530
2819 3530 3530 4314 3530 4785 
3529
14 3529 3529 4118 3529 4441 3529 4940 
3528
3528 4636 
3526
218 3526 1339 3526 3526 4731 
3523
1896 3523 3523 3733 3523 4103 
3520
3460 3520 3520 4977 
3519
2390 3519 3519 3644 3519 4527 3519 4792 
3515
144 3515 3515 4914 3515 4959 
3510
847 3510 2795 3510 
3500
2862 3500 3500 4930 
3495
3495 4144 3495 4382 3495 4510 3495 4602 3495 4980 
3493
423 3493 3011 3493 3101 3493 
3485
668 3485 1987 3485 3485 4135 
3475
2005 3475 3475 4978 
3457
1293 3457 1916 3457 
3456
2526 3456 3456 4386 3456 4464 
3451
3451 3759 3451 3902 3451 4140 
3449
2700 3449 3270 3449 3449 4232 3449 4727 3449 4914 3449 4970 
3447
1275 3447 2699 3447 3447 4949 
3446
3067 3446 3140 3446 
3441
334 3441 2292 3441 2534 3441 
3440
1 3440 2481 3440 2492 3440 
3437
2905 3437 3437 4420 
3430
3430 4431 
3427
1305 3427 1625 3427 3427 4850 
3426
3426 4550 3426 4763 3426 4970 3426 4977 
3413
3413 3594 3413 4375 
3405
19 3405 1171 3405 3405 3900 3405 4142 
3403
2047 3403 3403 4342 
3400
3129 3400 3160 3400 
3390
3390 3925 3390 4834 3390 4955 
3387
278 3387 1146 3387 
3375
636 3375 1187 3375 3375 4730 3375 4955 
3370
3370 3463 3370 4832 3370 4976 
3354
59 3354 1457 3354 1642 3354 2457 3354 3253 3354 3354 3550 3354 4976 
3343
3306 3343 3343 4957 
3337
1029 3337 3337 4303 
3335
652 3335 1373 3335 
3331
1419 3331 1428 3331 
3329
2180 3329 2601 3329 2628 3329 
3316
1372 3316 2726 3316 3316 4353 3316 4460 
3312
2964 3312 3312 4932 
3300
1493 3300 3300 4231 
3299
508 3299 2147 3299 3299 4374 
3297
1492 3297 2405 3297 3297 3677 
3294
2211 3294 2858 3294 3294 3642 
3278
3278 4716 
3277
538 3277 1328 3277 3277 3548 3277 4833 
3274
2270 3274 3274 4606 
3273
2956 3273 3273 4395 3273 4582 3273 4955 
3267
3133 3267 
3266
3266 4954 
3261
1810 3261 3261 4365 
3260
3068 3260 3260 4978 
3257
1321 3257 1359 3257 3257 3784 3257 4196 3257 4970 
3251
2718 3251 3251 3275 3251 4667 3251 4976 
3244
2115 3244 2304 3244 
3239
1406 3239 1645 3239 3239 4861 
3236
277 3236 721 3236 
3224
3224 3819 3224 4864 
3222
2927 3222 2959 3222 3222 3752 3222 4957 
3218
2398 3218 3218 4940 
3216
2654 3216 3216 4792 3216 4858 
3214
894 3214 3214 4148 3214 4680 
3212
300 3212 581 3212 1664 3212 
3208
2956 3208 
3198
3198 4921 3198 4956 
3197
1244 3197 2888 3197 3197 4497 
3184
1647 3184 3184 4833 
3181
2922 3181 3181 4704 
3179
1097 3179 3179 4292 3179 4320 
3178
3178 3800 
3174
526 3174 3174 3368 
3172
150 3172 3172 4629 3172 4937 
3163
299 3163 3163 3966 3163 4956 
3162
2777 3162 3074 3162 3162 4450 3162 4970 
3161
3161 4232 3161 4569 
3160
1897 3160 2126 3160 3160 3507 3160 4630 3160 4866 
3159
2763 3159 3159 4408 
3157
3157 3696 3157 4100 3157 4461 
3154
740 3154 3154 3980 3154 4959 
3153
877 3153 2155 3153 
3148
112 3148 3148 4228 
3141
2521 3141 3140 3141 3141 4943 3141 4980 
3129
3129 3921 3129 4977 
3118
3118 4236 
3113
3113 4937 3113 4978 
3111
949 3111 2593 3111 3111 4496 3111 4917 
3109
3109 4623 
3107
1597 3107 2647 3107 3065 3107 3107 3133 3107 4374 3107 4889 
3104
3104 4683 
3099
3099 3186 3099 4320 
3095
2452 3095 3095 4539 
3093
1625 3093 3093 4864 
3091
758 3091 3091 3281 3091 4687 
3082
1224 3082 1614 3082 
3079
3079 3128 
3078
881 3078 3078 3830 
3071
361 3071 1223 3071 2785 3071 
3070
3070 3907 3070 4398 
3068
2406 3068 3068 3936 3068 4752 
3065
3065 3623 3065 4299 
3064
2968 3064 
3060
3060 4685 
3059
1222 3059 1813 3059 2869 3059 3059 3138 3059 3594 
3052
161 3052 2192 3052 
3047

3045
942 3045 3045 3996 3045 4814 3045 4885 
3044
1335 3044 3044 4976 
3036
1602 3036 3036 4386 
3028
3028 3829 3028 4793 
3027
2602 3027 3027 4252 
3022
1252 3022 3022 4298 3022 4363 3022 4771 3022 4827 
3020
3020 4429 3020 4610 3020 4615 3020 4882 3020 4968 
3017
318 3017 1897 3017 3017 4925 3017 4957 
3012
3012 4902 3012 4941 
3007
656 3007 3007 4943 
2997
2997 4878 2997 4962 
2995
48 2995 874 2995 
2985
1376 2985 2756 2985 2985 3936 
2976
1132 2976 2976 3048 2976 3130 2976 3803 2976 3951 2976 4427 2976 4746 2976 4891 2976 4978 
2974
2974 3863 2974 4597 
2973
2945 2973 2973 4968 
2972
2 2972 2972 3322 2972 3800 2972 4935 2972 4965 
2970
2970 4955 
2960
1143 2960 2960 3219 2960 3712 2960 4330 
2958
2958 4968 2958 4977 
2957
2237 2957 2957 3170 2957 4884 
2949
1365 2949 2699 2949 2949 4977 
2948
2865 2948 2948 3996 
2947
1040 2947 2947 3442 2947 4315 
2946
826 2946 2324 2946 2946 4560 
2943
2943 4161 
2942
468 2942 2005 2942 2942 4058 
2939
2307 2939 2939 3595 2939 4799 
2925
581 2925 762 2925 2846 2925 2925 3951 2925 4075 
2923
2398 2923 2923 3502 2923 4457 2923 4577 
2922
2922 2968 
2921
508 2921 2584 2921 2921 3228 
2918
2918 4335 2918 4975 
2916
2916 3698 
2915
1656 2915 2915 4090 2915 4779 2915 4877 
2913
1855 2913 2913 4844 2913 4976 
2912
2463 2912 2912 3188 2912 4317 2912 4738 2912 4940 
2909
2909 4426 2909 4955 
2907
2907 4400 2907 4959 
2905
2905 4237 2905 4373 2905 4740 2905 4772 
2903
2098 2903 2903 3533 2903 4652 2903 4718 
2901
60 2901 2901 4452 
2897
2897 4661 2897 4839 
2896
2896 3295 2896 4950 
2888
2888 4228 2888 4802 2888 4903 2888 4950 
2887
2887 4064 2887 4291 2887 4831 2887 4934 2887 4949 
2875
2875 4668 
2873
2873 3978 
2870
403 2870 1420 2870 2870 3713 2870 4317 2870 4767 
2868
2599 2868 2868 3048 
2867
2867 4647 2867 4764 
2865
2724 2865 
2863
1981 2863 2672 2863 
2858
169 2858 1883 2858 
2857
2857 3217 2857 4137 
2840
1113 2840 2840 4526 
2830
54 2830 2830 3468 2830 4410 
2825
1063 2825 2825 4894 
2823
2763 2823 2823 4614 
2817
2817 3863 2817 4741 
2814
2814 3682 2814 4080 2814 4723 2814 4799 2814 4899 2814 4965 2814 4971 
2813
2813 4783 2813 4867 2813 4943 2813 4961 
2812
203 2812 1456 2812 2736 2812 
2809
1934 2809 2809 4142 2809 4386 2809 4941 
2805
2805 4293 
2801
2243 2801 2801 3412 
2795
2580 2795 2795 3005 2795 3384 
2790
1832 2790 2663 2790 2790 4762 
2788
1122 2788 1505 2788 
2787
2787 4664 2787 4847 2787 4968 
2786
2636 2786 2786 4557 
2785
2785 4011 2785 4679 2785 4897 
2783
47 2783 2079 2783 2480 2783 2663 2783 
2773
2349 2773 2773 4894 
2772
2585 2772 2742 2772 2772 3607 2772 4252 
2768
442 2768 1995 2768 2768 3666 
2764
1163 2764 1479 2764 2764 3982 2764 4619 2764 4923 
2756
2756 3063 2756 4956 
2740
2562 2740 2702 2740 2740 2899 2740 4415 2740 4883 
2737
2737 4944 
2736
2736 4978 
2734
994 2734 2734 3550 
2731
610 2731 2536 2731 2731 4551 
2723
280 2723 875 2723 938 2723 
2716
2716 4026 
2712
2712 4138 2712 4614 
2710
2710 4904 
2705
320 2705 933 2705 2705 4892 
2704
881 2704 1658 2704 2704 4642 
2699

2698
1763 2698 2698 4696 2698 4941 
2696
634 2696 2696 4966 
2692
2692 3287 2692 4246 2692 4680 
2689
1824 2689 2689 2904 2689 4979 
2679
1896 2679 2679 2759 2679 2917 2679 4569 
2676
1363 2676 2676 2855 2676 3243 2676 4491 2676 4968 
2667
670 2667 
2665
1119 2665 2665 4462 
2660
2175 2660 2660 4949 
2658
1138 2658 1582 2658 2658 2904 2658 4731 
2654
521 2654 708 2654 2654 4966 
2653
930 2653 2470 2653 2653 4599 
2642
2642 2845 2642 2926 
2628
2628 3401 
2626
997 2626 1229 2626 2626 4620 2626 4749 
2623
204 2623 1024 2623 2623 3560 2623 4951 
2618
2618 2661 2618 4264 2618 4958 
2615
1803 2615 2121 2615 
2614
2614 3693 
2602
2602 3714 
2599
1693 2599 1919 2599 2599 4798 
2595
1891 2595 2595 2959 2595 3728 2595 4724 
2593
2593 4672 
2587
1477 2587 2587 4669 
2585
2585 3820 
2581

2580
1372 2580 1483 2580 
2578
2578 4249 2578 4268 2578 4956 
2570
2570 3657 2570 4092 
2569
813 2569 2569 3508 
2566
2120 2566 2566 2669 2566 3995 2566 4932 
2565
2565 2747 2565 3116 2565 4135 
2562
2562 4261 
2549
268 2549 901 2549 
2548
1971 2548 
2529
2529 4832 2529 4879 2529 4902 
2528
2528 4872 2528 4968 
2515
2515 4738 
2512
13 2512 
2508
247 2508 2508 4766 
2506
1535 2506 2506 4450 
2503
2066 2503 2503 2861 
2495
1682 2495 2495 4402 2495 4493 
2490
2490 4945 
2477
434 2477 1996 2477 2477 3904 2477 4460 2477 4932 
2474
1968 2474 2474 3145 2474 4716 
2471
1864 2471 2471 2501 
2470
2470 4878 
2464
1485 2464 2464 4868 
2463
203 2463 221 2463 1848 2463 1926 2463 2463 2617 2463 2881 2463 4961 
2456
2456 2767 2456 3999 2456 4786 
2434
2434 4912 
2424
1359 2424 2424 4284 
2420
2420 4879 
2417
177 2417 1224 2417 1664 2417 2417 3055 2417 3723 2417 3850 
2415
2415 4975 
2413
558 2413 1157 2413 2413 4965 
2412
15 2412 2412 4973 
2411
1958 2411 2411 4829 
2409
0 2409 69 2409 608 2409 1067 2409 2409 4934 
2398
2398 3276 
2384
2384 4850 2384 4917 
2375
2375 4071 2375 4934 
2372
2372 4822 2372 4912 
2367
2367 2753 2367 3892 
2361
2361 4045 
2345
2345 3448 2345 4899 2345 4943 2345 4975 
2343
2343 4940 
2341
2184 2341 2341 3580 2341 4969 
2337
72 2337 1223 2337 2337 4935 2337 4977 
2335
2140 2335 2335 3414 2335 4264 
2333
2333 4577 2333 4964 
2332
2020 2332 2332 4539 2332 4738 2332 4969 
2326
2326 4714 2326 4886 
2304
2304 2394 
2291
2291 3769 2291 4818 
2290
2218 2290 2290 4126 
2277
1218 2277 2277 4313 
2276
655 2276 2276 3011 2276 4324 
2263
198 2263 1484 2263 2263 4540 2263 4929 2263 4977 
2258
131 2258 998 2258 
2253
1602 2253 2253 4295 2253 4428 2253 4968 
2251
1187 2251 2251 4793 2251 4979 
2244
1285 2244 2244 2266 2244 4879 
2220
2220 4205 2220 4941 
2217
1752 2217 2217 4013 
2210
2210 2728 
2208
2208 2632 2208 2751 
2203
2203 2327 2203 4889 2203 4969 
2199
1971 2199 2199 4180 2199 4197 
2197
2197 4937 2197 4969 
2194
2194 3925 
2189
1604 2189 
2186
1796 2186 2186 4949 
2185
2185 3532 
2160
2160 2336 2160 3264 
2143
2143 2829 2143 4398 2143 4877 
2139
1554 2139 2139 2991 2139 3407 2139 4740 
2136
2136 2582 2136 4684 2136 4846 
2132
1331 2132 2132 3072 2132 4757 
2122
2122 4839 2122 4968 
2120
2120 4919 
2115
1857 2115 
2097
75 2097 2097 4189 2097 4885 
2095
577 2095 2095 4532 
2085
2085 4396 2085 4606 2085 4877 2085 4950 
2081
2081 2895 
2079
2079 4950 
2078
2078 2544 2078 4142 2078 4640 
2077
2077 4822 2077 4903 
2073
2073 4889 2073 4972 
2055
2055 3970 2055 4971 
2052
1580 2052 
2049
1322 2049 2049 4255 
2047
2047 2232 2047 4568 
2045
647 2045 930 2045 988 2045 2045 4299 2045 4464 
2042
1727 2042 2042 2629 
2032
1785 2032 2032 4976 
2020
1379 2020 2020 2355 2020 4971 
2007
2007 2418 2007 4883 
2005
2005 3371 2005 3414 
2001
2001 4880 2001 4925 2001 4962 
1996
1996 2735 1996 3936 
1995
1067 1995 
1994
375 1994 1986 1994 1994 4857 
1987
1009 1987 
1983
1983 4248 1983 4738 1983 4829 1983 4845 
1977
1429 1977 1977 4788 
1975
1975 4194 1975 4534 
1973
1973 4564 
1963
1963 4196 
1961
1480 1961 1961 3784 1961 4577 
1956
12 1956 1955 1956 1956 3617 
1951
1951 2927 1951 4980 
1950
372 1950 1950 3119 1950 4852 1950 4974 
1949
1949 4970 
1943
1943 2098 1943 4955 
1935
379 1935 1935 2747 1935 4766 1935 4886 
1934
1934 2035 1934 3524 1934 4464 1934 4962 
1932
1087 1932 1932 3904 1932 4901 
1930
1930 4227 
1926
1926 3467 1926 4262 1926 4918 
1921
1921 4832 1921 4905 
1916
176 1916 352 1916 1286 1916 
1908
1908 4238 1908 4689 1908 4778 
1906
1906 2881 1906 4668 
1902
1902 4023 1902 4497 
1899
1899 4691 1899 4917 1899 4978 
1896
492 1896 1896 2192 
1894
1894 2083 1894 3353 
1884
1884 2673 1884 4318 
1883
1334 1883 1883 4422 
1879
1879 3594 1879 4294 
1878
1154 1878 1878 2462 1878 4260 
1875
1875 3156 1875 4949 1875 4962 
1874
680 1874 1874 2807 
1872
1872 2298 1872 4462 1872 4940 1872 4967 
1866
1866 4493 1866 4980 
1862
1862 3819 1862 4474 
1858
1858 2780 
1857

1856
836 1856 1856 2733 1856 4019 1856 4936 
1855
588 1855 1855 4218 
1853
1853 3974 1853 4822 
1850
1850 3372 1850 4928 
1849
1839 1849 
1848
1848 2006 1848 2933 1848 4951 
1845
1845 4953 
1844
1330 1844 1844 3667 
1835
1835 4192 1835 4930 
1833
933 1833 1275 1833 1833 3838 1833 4940 
1830
1830 1852 1830 4809 
1819
1313 1819 1819 4543 
1810
1567 1810 1810 4365 
1793
1793 2798 1793 3366 1793 4967 
1791
1791 2928 1791 4478 1791 4731 
1786
176 1786 1786 4827 
1782
1782 4850 1782 4939 
1781
1781 4803 
1774
299 1774 
1773
1097 1773 1773 3415 
1769
3 1769 1442 1769 1756 1769 
1764
1764 2592 1764 3315 1764 4045 1764 4777 
1763
421 1763 
1762
1047 1762 
1757
608 1757 1375 1757 
1745
1745 2131 1745 4128 1745 4302 1745 4764 
1743
1743 3353 1743 4743 
1736
1736 2686 1736 4260 1736 4879 
1732
709 1732 1578 1732 1732 4676 1732 4978 
1729
1729 2752 1729 3805 
1715
859 1715 1715 4400 
1714
1341 1714 1714 4562 
1713
1713 4833 1713 4901 
1712
674 1712 1712 4980 
1701
1701 3560 1701 4923 
1699
1303 1699 1691 1699 1699 3741 1699 4767 1699 4929 
1696
1696 3695 1696 4687 
1695
564 1695 1695 4624 
1693
1444 1693 1693 4441 
1686
1686 3130 1686 4958 
1677
861 1677 1677 3120 
1674
1674 4602 1674 4979 
1664

1662
120 1662 1662 2325 1662 3415 
1658
1658 3959 
1654
1654 3359 1654 4513 
1645
1645 4937 
1641
1641 2890 1641 3712 1641 3828 
1640
1640 4026 1640 4268 
1633
916 1633 1155 1633 1633 4686 
1631
1631 4683 1631 4975 
1629
1629 4109 1629 4200 1629 4789 1629 4834 
1623
1623 2427 1623 3058 
1619
1619 4629 1619 4950 
1615
1438 1615 1615 1720 1615 4324 1615 4760 1615 4882 
1611
185 1611 1611 4073 1611 4961 
1607
1607 3281 
1603
620 1603 659 1603 1603 2996 1603 3269 1603 4669 
1597
1597 4897 
1593
1593 4635 1593 4954 
1582
1582 1682 
1578
1578 3377 1578 4450 
1569
1569 4792 1569 4915 1569 4975 
1567
913 1567 1560 1567 
1560
1560 2076 1560 2687 1560 4777 1560 4979 
1556
1556 4913 
1553
938 1553 1553 4481 1553 4972 
1549
1297 1549 1549 4755 
1547
1547 4573 1547 4704 1547 4975 
1535
1535 4520 1535 4961 
1527
1527 2181 1527 3804 
1520
1520 2751 1520 4016 
1518
1518 4816 1518 4919 1518 4977 
1509

1504
1504 1723 1504 2818 
1500
361 1500 1278 1500 
1498
1498 2828 1498 4449 
1494
1120 1494 1155 1494 1494 4928 
1487
1331 1487 1487 2663 
1486
396 1486 1486 4196 
1483
1229 1483 1483 4890 
1480
1480 1568 1480 3714 
1470
1470 4636 
1466
142 1466 473 1466 881 1466 1028 1466 1466 3941 1466 4422 
1459
322 1459 
1458
1458 1536 1458 3699 
1457

1452
48 1452 1452 2876 
1451
1022 1451 1451 3951 
1444
1444 2274 1444 3069 1444 4643 1444 4934 
1443
1443 2057 1443 3961 
1442
1442 4568 1442 4954 1442 4978 
1418
440 1418 1019 1418 1418 1863 1418 2892 
1414
1142 1414 1414 2571 1414 4217 1414 4855 
1412
1412 4426 1412 4942 
1399
336 1399 1399 2670 
1397
1397 1430 1397 2630 1397 3741 
1391
939 1391 1020 1391 
1390
1390 2172 1390 4349 1390 4720 
1382
1141 1382 1382 4513 
1380
1380 4885 
1377
1377 4188 
1376
206 1376 1376 3061 1376 3693 
1374
737 1374 1374 4253 1374 4979 
1366
1366 4564 1366 4915 
1365
1365 4878 
1364
1364 3101 1364 3288 1364 4894 
1361

1356
1356 2093 1356 2231 
1344
1344 4947 
1341
1341 2448 1341 4303 1341 4975 
1339
1339 2810 
1335
1335 1718 
1334
1334 3877 
1331
806 1331 1331 4754 1331 4884 1331 4912 
1330
325 1330 874 1330 1330 2497 
1328
979 1328 1328 4629 1328 4850 
1327
1327 1616 1327 3249 1327 4032 
1319
1319 1359 
1315
317 1315 1315 4752 
1311
1311 2796 1311 4292 
1307
1307 3419 1307 4847 
1302

1296
1296 4248 1296 4712 1296 4791 1296 4929 
1293
1293 4526 
1289
411 1289 1289 4727 
1288
1288 1851 1288 3507 1288 4730 1288 4980 
1287
1287 2325 1287 2729 1287 4377 
1286
1286 4085 1286 4974 
1282
1282 3923 
1268
432 1268 770 1268 1268 1682 1268 3075 
1267
1267 4176 1267 4964 
1261
1261 4951 
1255
1255 4519 1255 4899 
1254
1254 2151 1254 4954 1254 4977 
1244
1244 4690 
1243
1243 1359 
1236
1236 4764 1236 4864 
1229
1187 1229 1229 2520 
1228
1228 1913 1228 3712 1228 4886 
1219
1219 3106 
1210
1210 3868 1210 4979 
1207
1207 3829 1207 4979 
1204
1204 4077 
1195
1195 3363 1195 4647 1195 4924 
1187

1170
1170 2336 1170 2498 
1168
1168 1728 1168 3002 
1165
540 1165 1165 2971 1165 4943 
1163
278 1163 
1155

1154
801 1154 1154 2550 1154 4896 
1142
1142 3905 
1139
932 1139 1139 3073 1139 4496 
1121
1121 4623 1121 4902 
1120
1120 4506 
1101
1101 4099 1101 4396 
1097
1097 4793 1097 4970 
1080
989 1080 1080 2365 1080 4271 
1072
1072 4523 
1062
1062 2016 
1039
1039 1625 1039 4902 
1038
1038 1106 
1036
1036 4676 1036 4971 
1033
1033 3116 
1031
1031 4937 1031 4941 
1030
1030 4113 1030 4502 1030 4941 
1028
1028 2749 1028 3145 
1027
505 1027 753 1027 1027 1162 1027 4740 
1005
1005 1909 1005 2492 
991
991 1049 991 2652 
988
988 4767 
979
979 2475 
973
973 1429 
968
203 968 968 3221 
964
964 4870 
962
100 962 962 1888 962 4563 962 4770 
951
951 1784 951 2288 951 3165 
950
950 4410 
949
949 4161 
946
258 946 946 3011 
945
945 1237 945 3696 945 4980 
937
937 1285 937 4689 
935
935 4830 935 4955 
929
929 4880 
922
922 996 922 4444 
917
917 3088 917 4496 917 4969 
908
908 3287 908 4701 
904
904 2878 904 4949 
903
903 4727 903 4978 
902
48 902 902 1726 902 4557 
901
901 4770 901 4924 
890
890 4932 890 4964 
885
885 4959 885 4979 
881
881 3599 
878
222 878 878 2511 878 4191 
874
874 1659 
871
871 4218 871 4740 
865
865 3058 865 3164 
851
851 4760 
840
840 3924 840 4956 
829
199 829 
828
468 828 
806
806 4767 
801
801 2418 801 2927 
796
796 3807 796 4080 796 4105 
795
795 2321 795 4482 
791
791 3372 
790
790 2527 790 3820 790 3982 790 4975 
788
225 788 788 4972 
787
787 3696 787 4781 
786
786 3936 786 3965 
784
784 4853 
775
775 2168 
772
501 772 772 4409 772 4751 
770
770 3067 
768
768 2847 768 3550 768 4568 
759
356 759 759 3241 
758
758 3673 
749
749 3865 749 4578 749 4972 
748
748 4205 748 4793 
746
746 1455 746 2900 
723
723 730 723 2492 723 2627 723 3911 723 4720 723 4947 
714
714 1707 
709
709 4905 
708
683 708 708 1252 708 4458 
704
436 704 
703
703 3518 703 4928 703 4950 
702
702 860 
693
693 4362 693 4624 
689
689 4961 689 4964 
686
686 4620 
685
640 685 685 2170 685 3250 685 3369 685 4947 
679
679 2356 
677
465 677 677 4532 
674
674 4519 674 4773 674 4975 
673
278 673 673 4324 
664
320 664 664 4969 
640
640 4225 640 4964 
635
278 635 
634
634 3196 
630
630 4929 
626
626 2067 
625
625 1262 625 2754 
620
620 4712 
610
610 3086 
606
346 606 606 3116 606 3497 
605
605 3422 605 3866 605 4791 
604
604 3995 604 4427 
602
128 602 602 3171 
599
211 599 274 599 599 2791 
596
596 1087 596 4028 
590
590 4749 590 4845 
581
581 644 581 3476 581 4973 
577
577 4897 
575
575 1144 575 4175 575 4417 
571
571 3379 571 4707 
570
467 570 570 2662 570 3560 
569
569 934 569 4964 
566
566 733 566 2200 566 4663 
564
564 4760 564 4842 
562
240 562 562 3246 
559
559 932 559 2519 559 4827 559 4976 
558
558 4865 558 4924 
557
557 4138 557 4898 
539
539 4915 539 4961 
537
537 1744 537 4429 
535
535 1967 535 4825 535 4927 
533
533 1032 533 4764 
532
532 1740 532 4141 532 4277 532 4551 
530
530 1445 530 2083 
527
394 527 527 4958 
519
519 1077 519 2200 
511
511 2113 511 3532 511 4969 
509
509 4728 509 4953 
500
500 2681 500 3622 
494
494 1728 494 2027 494 3974 
483
483 1159 483 4190 
482
482 4215 
476
476 981 476 2505 476 4302 
473
473 4381 
465
465 4493 465 4927 
451
451 3258 451 4727 
443
443 982 443 4978 
440
440 4587 
439
439 2010 439 4979 
434

429
325 429 429 4441 
423
423 2677 423 4625 423 4978 
417
417 4048 417 4532 417 4731 
413
413 4067 413 4170 413 4714 
411

401
401 2636 401 2779 
398
398 1632 398 2573 398 3434 398 3511 398 3831 398 4789 398 4929 
394
394 847 
390
390 4889 390 4932 
388
388 2702 388 3860 
378
378 4771 378 4940 378 4948 
372
372 1179 372 3714 
367
367 507 367 1294 
359
359 1684 359 4370 359 4686 359 4768 
352
352 3262 352 4868 352 4980 
347
347 2619 347 2754 347 4217 347 4978 
345
345 2845 345 4183 
338
338 1731 338 4780 338 4965 
333
333 1202 333 2235 
331
331 4716 
330
330 2153 330 4968 330 4970 330 4975 
328
268 328 328 1945 328 3834 328 4569 328 4768 
325
325 4745 
324
324 2666 
323
323 4274 323 4741 
318
318 4164 
317
317 862 
307
307 1928 307 2255 307 4064 
306
306 4971 
302
302 2523 302 4795 
299
299 4546 299 4968 
294
294 3962 
291
291 1359 291 4247 
290
290 3074 
289
289 4249 289 4432 
283
283 1740 283 3084 
278

277
277 1433 277 4687 
266
266 4845 
261
261 4949 
254
138 254 254 4099 254 4803 
250
250 2206 250 4386 
242
242 2524 242 4249 
239
239 2708 239 3719 
238
238 4289 238 4899 
227
227 4962 
218

214
214 1915 214 2309 214 4966 
212
212 1671 212 2725 212 2782 212 4971 
204
204 701 
203
203 4878 
199
199 2516 199 4785 
191
191 4525 
186
186 3945 
185
185 861 185 4744 
184
184 2112 184 4936 
183
29 183 183 3721 183 4591 183 4844 
177
177 3714 
176
176 907 176 1290 
165
165 4158 165 4783 
148
148 4622 148 4839 
144

141
141 4880 
140
140 4730 
138
138 811 
135
135 3907 135 3965 
131
131 309 131 4092 131 4966 
120
120 2701 120 2796 
119
119 3759 119 4830 119 4843 119 4962 
115
115 2231 
112
112 3893 
109
109 4727 109 4971 
93
93 1986 93 4928 
92
92 428 92 4472 
90
90 4955 90 4966 
89
89 1940 89 4493 
88
88 1125 88 4026 
81
33 81 81 4254 
75
75 4864 75 4961 
74
74 334 74 2769 74 4919 
73
73 4947 
65
65 3467 65 4864 65 4980 
64
64 4864 64 4930 
59
59 344 59 1602 
54
54 1867 54 3677 
49
49 4974 
48

47
47 3996 47 4003 47 4549 
33
33 4924 
31
31 2492 31 4918 
29
29 1958 29 2828 
21
21 3908 
16
16 4937 
14
14 3896 
13
13 3188 13 4915 
12
12 2062 12 4929 
4
4 3636 4 3661 
it 3
4926
53 4926 170 4926 2024 4926 2265 4926 2307 4926 2894 4926 2938 4926 3155 4926 3188 4926 3460 4926 4200 4926 4361 4926 4853 4926 4926 4957 
4911
98 4911 1698 4911 2514 4911 2826 4911 4382 4911 4491 4911 4582 4911 4664 4911 4731 4911 4881 4911 4911 4957 4911 4970 
4854
167 4854 1343 4854 2461 4854 2551 4854 2646 4854 3945 4854 4484 4854 4502 4854 4629 4854 4796 4854 4854 4925 4854 4948 
4853
1473 4853 2064 4853 2090 4853 2249 4853 3086 4853 3568 4853 3867 4853 4646 4853 4853 4956 
4848
586 4848 975 4848 2236 4848 2366 4848 2914 4848 3490 4848 4141 4848 4242 4848 4837 4848 4848 4928 4848 4929 
4795
750 4795 1592 4795 2195 4795 2201 4795 2233 4795 3122 4795 4661 4795 
4773
697 4773 3357 4773 3466 4773 4236 4773 4773 4950 4773 4967 
4753
82 4753 2899 4753 3143 4753 3798 4753 4188 4753 4527 4753 4597 4753 4753 4762 4753 4889 
4748
1780 4748 1957 4748 3965 4748 4015 4748 4102 4748 4602 4748 4748 4761 4748 4890 4748 4913 
4739
1616 4739 2380 4739 3691 4739 4109 4739 4112 4739 4274 4739 4388 4739 
4710
1488 4710 2214 4710 2861 4710 2886 4710 3140 4710 3149 4710 4468 4710 4710 4838 4710 4932 4710 4980 
4699
2322 4699 3176 4699 3201 4699 4585 4699 4699 4857 4699 4979 
4697
1622 4697 2131 4697 3121 4697 4657 4697 
4692
1070 4692 2172 4692 2816 4692 3191 4692 3302 4692 4558 4692 4692 4744 4692 4934 
4673
40 4673 155 4673 1760 4673 2176 4673 3578 4673 
4661
504 4661 863 4661 2123 4661 3432 4661 4330 4661 4635 4661 4661 4850 4661 4880 4661 4969 
4660
3949 4660 4318 4660 4598 4660 4645 4660 
4646
990 4646 1333 4646 2431 4646 3186 4646 4175 4646 4407 4646 4646 4676 4646 4979 
4627
248 4627 2378 4627 2926 4627 4627 4778 
4592
4196 4592 4337 4592 4509 4592 4592 4737 4592 4967 
4588
1250 4588 3147 4588 4285 4588 4588 4598 4588 4824 4588 4846 
4574
101 4574 750 4574 1346 4574 1873 4574 3200 4574 4281 4574 4574 4700 4574 4871 4574 4891 
4571
2039 4571 2572 4571 4102 4571 4440 4571 4571 4898 4571 4916 
4558
1326 4558 3892 4558 4177 4558 4362 4558 
4537
1967 4537 1997 4537 4431 4537 4536 4537 4537 4707 4537 4960 
4525
1065 4525 3794 4525 4520 4525 4525 4872 
4514
688 4514 698 4514 2634 4514 3280 4514 3543 4514 4336 4514 
4494
24 4494 4075 4494 4494 4554 
4486
2108 4486 3229 4486 4336 4486 4362 4486 4486 4528 
4477
642 4477 3194 4477 3616 4477 4076 4477 4477 4555 4477 4955 4477 4962 
4471
1054 4471 4241 4471 4356 4471 4471 4483 
4468
3636 4468 
4460
2053 4460 4431 4460 
4439
1447 4439 4187 4439 4439 4775 4439 4821 
4419
4266 4419 4381 4419 4419 4891 4419 4958 
4416
2557 4416 4275 4416 4416 4858 4416 4904 4416 4976 
4413
1404 4413 4358 4413 4413 4785 
4411
1991 4411 1993 4411 2129 4411 
4401
831 4401 4401 4806 4401 4957 
4392
1423 4392 2365 4392 3744 4392 4392 4757 
4383
344 4383 913 4383 
4363
600 4363 993 4363 1017 4363 
4362
2064 4362 2644 4362 2677 4362 4260 4362 4362 4721 
4361
3990 4361 4310 4361 
4341
1232 4341 1301 4341 1939 4341 4341 4663 
4331
1526 4331 4113 4331 4331 4708 
4329
692 4329 1032 4329 1624 4329 1824 4329 4215 4329 
4327
11 4327 1058 4327 3205 4327 3880 4327 
4326
2993 4326 4326 4880 4326 4931 4326 4960 
4313
993 4313 3219 4313 4039 4313 4313 4431 4313 4771 4313 4788 4313 4936 
4308
1870 4308 4102 4308 4308 4951 
4292
3439 4292 4292 4791 
4285
911 4285 2644 4285 3622 4285 3819 4285 4285 4418 4285 4844 4285 4870 
4273
2730 4273 3255 4273 4273 4623 4273 4958 
4262
4262 4431 4262 4604 
4244
2891 4244 3315 4244 4244 4536 4244 4980 
4241
2720 4241 4241 4754 4241 4855 
4239
823 4239 2366 4239 2488 4239 2662 4239 4239 4267 4239 4789 
4226
399 4226 2311 4226 3301 4226 4226 4620 4226 4856 
4224
4224 4808 4224 4844 
4223
1789 4223 2590 4223 2600 4223 3016 4223 3798 4223 
4187
4048 4187 4187 4513 
4185
3842 4185 4185 4928 
4178
3527 4178 4178 4565 
4175
1324 4175 4175 4814 
4173
2766 4173 4032 4173 
4156
918 4156 2266 4156 2864 4156 4156 4344 4156 4785 4156 4821 
4131
793 4131 1083 4131 3469 4131 
4123
1638 4123 4123 4846 4123 4904 
4113
1184 4113 2941 4113 4113 4622 4113 4844 4113 4905 
4104
2749 4104 4104 4695 4104 4744 
4089
1014 4089 3098 4089 3229 4089 
4085
516 4085 2157 4085 2938 4085 3612 4085 4008 4085 4085 4227 4085 4389 4085 4779 4085 4801 4085 4958 
4076
2677 4076 3238 4076 
4068
2459 4068 3951 4068 4068 4397 4068 4801 4068 4921 
4063
4063 4772 4063 4842 4063 4913 
4057
3742 4057 3832 4057 3834 4057 4057 4543 4057 4749 
4049
2770 4049 3678 4049 4049 4081 4049 4204 4049 4882 
4037
3098 4037 4037 4822 4037 4944 
4006
3420 4006 4006 4950 
3997
2852 3997 3949 3997 
3979
3268 3979 3324 3979 
3973
3912 3973 3973 4686 
3958
332 3958 1370 3958 3438 3958 3958 4522 
3953
3005 3953 3075 3953 
3949
744 3949 1650 3949 2380 3949 2459 3949 3949 4585 3949 4614 
3946
3946 4519 3946 4714 3946 4872 
3917
300 3917 3120 3917 3547 3917 3834 3917 
3915
1075 3915 2382 3915 3433 3915 3852 3915 3915 4979 
3913
3627 3913 3913 4492 3913 4622 3913 4893 
3888
3888 3990 3888 4527 
3882
3834 3882 3882 4399 3882 4520 
3872
2629 3872 3872 4522 3872 4590 
3858
319 3858 1667 3858 
3853
958 3853 3853 4723 3853 4752 3853 4964 
3852
933 3852 2820 3852 3852 4727 
3846
2482 3846 2937 3846 2961 3846 2969 3846 3846 4438 3846 4803 3846 4945 
3838
3482 3838 3828 3838 3838 4562 
3818
1889 3818 3818 4228 3818 4761 
3817
1135 3817 3378 3817 
3799
2044 3799 2978 3799 3799 4624 3799 4830 3799 4934 
3798
2322 3798 3798 4865 
3794
1910 3794 2224 3794 2589 3794 3794 4788 
3787
616 3787 995 3787 2319 3787 2358 3787 
3782
3782 3923 3782 4323 3782 4683 
3780
2315 3780 3563 3780 3780 4462 
3779
322 3779 2184 3779 
3770
1007 3770 3306 3770 3770 4265 
3763
3420 3763 3763 4663 
3762
1562 3762 1687 3762 3762 4021 3762 4542 3762 4676 
3761
2682 3761 3761 4917 3761 4937 
3747
3358 3747 3747 4051 
3742
414 3742 
3734
1890 3734 2979 3734 
3728
300 3728 2917 3728 3728 4295 
3717
1314 3717 1626 3717 3620 3717 3717 4824 3717 4834 3717 4902 
3704
3704 4466 3704 4582 
3691
1248 3691 1678 3691 
3680
574 3680 3680 4459 
3672
1230 3672 1342 3672 
3657
1790 3657 2320 3657 3140 3657 3657 4096 3657 4903 3657 4906 
3647
2994 3647 3647 3821 3647 4968 
3645
226 3645 2182 3645 
3618
2334 3618 3618 4288 3618 4433 3618 4528 
3616
1426 3616 2460 3616 2590 3616 2702 3616 
3606
1237 3606 3606 4207 
3603
914 3603 1034 3603 3603 4857 
3600
2866 3600 3600 4388 3600 4921 
3592
1770 3592 1958 3592 2935 3592 3592 4349 3592 4847 
3590
1826 3590 3006 3590 3346 3590 
3580
1510 3580 3252 3580 3580 4976 
3578
3145 3578 3578 4876 
3568
1186 3568 2305 3568 3568 4001 3568 4708 
3563
2061 3563 2826 3563 2977 3563 3321 3563 3563 4287 
3552
884 3552 3552 3849 3552 4877 
3549
3187 3549 3549 4572 
3545
972 3545 2170 3545 2917 3545 3545 4288 
3543
3543 3868 3543 4400 
3534
77 3534 2827 3534 
3516
3516 3839 3516 4193 3516 4623 
3490
3490 3990 3490 4808 
3488
124 3488 3488 4522 
3484
926 3484 1997 3484 3072 3484 3484 4744 3484 4906 
3473
838 3473 3473 4779 
3466
3466 4021 3466 4075 
3433
2057 3433 3433 4552 
3423
272 3423 2782 3423 3423 4619 3423 4852 
3420
2711 3420 3420 3892 3420 4483 3420 4772 
3419
2980 3419 3419 3904 3419 4862 
3417
1205 3417 3417 4743 3417 4970 
3398
269 3398 2682 3398 
3396
613 3396 2400 3396 2553 3396 3396 4927 
3391
1220 3391 3391 4768 
3382
2141 3382 3382 3880 3382 4852 
3381
836 3381 2516 3381 2647 3381 
3377
399 3377 2128 3377 2312 3377 3377 4945 
3367
1173 3367 2488 3367 3306 3367 3367 4359 3367 4876 
3357
609 3357 1895 3357 3357 4687 3357 4709 
3355
3304 3355 3355 4170 3355 4791 
3352
341 3352 453 3352 1529 3352 
3332
1952 3332 3332 4376 3332 4744 
3321
789 3321 952 3321 
3309
738 3309 3309 4344 
3303
831 3303 2151 3303 2940 3303 
3302
3302 4948 
3298
1381 3298 3298 3783 3298 4035 
3296
1223 3296 1598 3296 3296 4289 
3291
222 3291 730 3291 3291 4648 
3290
2505 3290 3290 4788 
3280
2107 3280 
3271
695 3271 2239 3271 2707 3271 3271 4478 
3268
182 3268 3268 4193 3268 4810 
3263
2228 3263 3263 3633 3263 4228 3263 4743 
3256
2635 3256 3256 4922 3256 4966 3256 4979 
3254
3254 4330 3254 4745 
3248
1750 3248 3248 3929 3248 4087 3248 4839 3248 4885 
3232
944 3232 3232 4228 3232 4974 
3229
1125 3229 3229 3959 
3221
1285 3221 2718 3221 3221 4253 
3211
1100 3211 3211 3769 3211 3896 3211 4755 3211 4973 
3205
3205 4140 
3203
514 3203 3203 4528 
3195
2583 3195 3185 3195 3195 4105 
3191
3191 4980 
3190
1546 3190 2308 3190 3190 3517 
3185
3185 4768 
3176
3176 4966 
3168
1598 3168 3168 3238 3168 4197 
3166
594 3166 2128 3166 
3149
970 3149 1461 3149 3149 4770 
3147
3147 4973 
3143
836 3143 883 3143 
3126
3126 3834 3126 4803 
3114
1583 3114 3114 3169 3114 4951 3114 4958 
3100
3100 4109 3100 4801 
3097
617 3097 3097 3347 3097 3738 3097 4014 
3094
1023 3094 1754 3094 3094 3338 
3087
103 3087 1564 3087 2093 3087 3087 3209 
3086
3086 3714 
3085
3085 3929 3085 4928 
3083
1184 3083 2274 3083 
3080
2701 3080 3080 4809 
3076
739 3076 3076 4894 
3056
2012 3056 2426 3056 3056 4962 
3054
3054 3674 3054 4272 
3051
2701 3051 3051 4510 3051 4770 
3040
2530 3040 3040 4667 
3033
1306 3033 3033 3824 3033 4064 
3024
236 3024 2881 3024 3024 4214 3024 4418 
3021
2407 3021 3021 4824 
3015
637 3015 3015 4207 
3000
3000 3632 3000 3918 
2993
2445 2993 2993 3752 
2988
2988 3512 2988 4386 2988 4786 2988 4953 
2983
271 2983 846 2983 2206 2983 
2965
2496 2965 2965 3408 
2955
1264 2955 2106 2955 2955 4916 
2945
1001 2945 2238 2945 2945 3259 2945 4828 2945 4973 
2941
2941 3783 2941 4944 
2938
1167 2938 2938 3904 
2937
861 2937 2937 3142 
2914
1648 2914 2297 2914 2914 2992 
2895
2845 2895 2878 2895 
2891
2157 2891 2891 4407 
2885
1151 2885 2885 3213 
2872
884 2872 2872 4663 
2864
2864 4770 
2854
487 2854 1839 2854 2854 4112 2854 4732 
2845
1984 2845 2053 2845 
2844
856 2844 1510 2844 2659 2844 
2842
2842 2932 2842 3067 
2839
58 2839 2839 3338 2839 4513 
2826
2826 4724 2826 4979 
2815
2236 2815 2815 4947 2815 4970 
2811
27 2811 756 2811 2811 4799 2811 4925 2811 4976 
2804
1336 2804 1427 2804 1666 2804 
2784
210 2784 2784 3122 
2767
742 2767 2767 3827 2767 4236 2767 4765 
2766
2766 4077 2766 4554 2766 4921 
2765
71 2765 2475 2765 2765 3640 2765 3693 2765 4300 
2744
143 2744 2478 2744 2744 4883 
2741
1407 2741 2173 2741 
2719
516 2719 2334 2719 2719 4958 
2713
2713 4025 2713 4930 
2706
1653 2706 1957 2706 
2694
2694 3346 2694 4928 
2674
1132 2674 2674 4491 
2668
688 2668 2668 4274 2668 4654 
2659
993 2659 1073 2659 
2649
2334 2649 2649 4353 
2646
737 2646 2646 4788 2646 4894 2646 4946 
2641
750 2641 1667 2641 2641 4882 
2635
2619 2635 2635 4119 2635 4134 
2631
1098 2631 2256 2631 
2610
2610 4370 2610 4745 2610 4909 
2609
2076 2609 2540 2609 2609 4737 2609 4891 
2600
1203 2600 1279 2600 2600 4890 2600 4971 
2596
1666 2596 2596 4511 2596 4578 
2583
2195 2583 2583 3062 2583 3241 2583 4032 
2572
58 2572 
2568
1920 2568 2091 2568 2510 2568 2568 3629 
2557
2557 4832 2557 4913 
2531
1199 2531 1301 2531 2531 4128 2531 4637 2531 4858 
2517
2342 2517 2469 2517 2517 4578 
2496
2496 3561 
2489
743 2489 2489 4812 
2488
2488 4015 
2461
1196 2461 2461 4941 
2451
2416 2451 2451 2695 2451 4935 2451 4953 
2450
2450 4118 2450 4838 2450 4910 
2438
1215 2438 1585 2438 
2436
2223 2436 2436 4007 2436 4323 
2407
2407 4101 2407 4614 2407 4881 
2403
717 2403 2163 2403 
2396
1354 2396 2396 4695 
2395
15 2395 2395 4751 
2392
2392 4353 2392 4458 2392 4536 
2387
861 2387 2387 4868 2387 4960 
2378
244 2378 2378 4872 
2338
480 2338 2338 4652 
2334
2334 4389 2334 4882 
2330
2330 4034 2330 4478 
2322
2322 3711 2322 3903 2322 3957 2322 4243 2322 4522 2322 4745 2322 4951 
2317
2317 3210 2317 4862 2317 4969 
2312
2312 4677 
2311
2311 4910 
2295
2295 4193 2295 4838 
2283
2283 3644 2283 3752 
2279
2279 3909 2279 4310 
2278
2119 2278 2278 3448 
2273
2273 2428 2273 2894 
2267
742 2267 1576 2267 2267 3196 2267 4880 2267 4959 
2262
1778 2262 2113 2262 
2259
1375 2259 2259 4307 
2256
286 2256 1292 2256 
2254
1678 2254 2254 2416 2254 4204 2254 4923 
2252
269 2252 1655 2252 2252 3435 
2239
1776 2239 1847 2239 
2236
2236 4272 2236 4852 2236 4972 
2235
422 2235 2067 2235 
2233
889 2233 1937 2233 2233 3230 2233 4903 
2207
2207 2541 2207 3177 2207 4972 
2205
321 2205 2205 2428 2205 4959 
2198
2198 3242 2198 4569 2198 4691 
2195
161 2195 2195 4564 
2187
1079 2187 1407 2187 2187 3637 2187 4086 2187 4843 
2179
362 2179 2179 2305 2179 2898 
2176
823 2176 2176 3632 
2173
2173 2625 2173 4822 
2172
2172 4032 2172 4282 
2171
2171 4387 2171 4704 
2170
1047 2170 1697 2170 2170 4466 
2157
2157 4870 
2154
350 2154 732 2154 2154 2257 2154 3607 
2146
2146 3910 2146 4779 
2144
584 2144 2119 2144 2144 3038 
2134
1751 2134 2134 4647 2134 4960 
2128
2124 2128 2128 4228 
2125
2125 2445 2125 4908 
2124
2124 4973 
2108
123 2108 1562 2108 2108 3434 
2106
1887 2106 2106 4976 
2101
507 2101 1233 2101 2101 4193 2101 4462 
2089
2089 3522 2089 4968 
2086
1682 2086 2086 4117 2086 4666 2086 4828 
2082
326 2082 2006 2082 
2075
1175 2075 2075 3424 2075 4935 
2071
1411 2071 2071 4575 2071 4679 
2069
478 2069 2069 4193 2069 4922 2069 4972 
2065
2065 3034 2065 3738 
2064
2064 4375 
2061
1716 2061 
2060
743 2060 1706 2060 2060 4353 
2059
2059 2584 2059 4954 
2053
2053 3283 
2046
97 2046 1266 2046 2046 4568 
2044
1400 2044 2044 4609 2044 4746 
2040
1037 2040 1394 2040 2040 4027 
2037
2037 3567 2037 4954 
2021
1546 2021 2021 3974 2021 4264 2021 4385 2021 4814 
2014
1740 2014 2014 4412 2014 4635 
1982
251 1982 1982 3501 
1979
1979 3035 1979 3213 1979 4685 
1967
1967 2510 1967 2763 
1960
1960 3336 1960 4867 
1959
1959 4771 1959 4956 
1957
1957 3522 1957 4737 
1952
1952 2832 
1942
1942 2908 1942 3605 1942 4728 
1939
886 1939 1939 4212 1939 4536 
1936
869 1936 1034 1936 1936 2624 1936 2963 
1929
274 1929 1929 4134 
1922
1922 2883 1922 4303 1922 4316 1922 4727 
1920
1920 4838 
1898
1730 1898 1898 4647 1898 4951 
1895
1895 4550 
1887
1887 3481 
1876
416 1876 1876 3170 1876 4772 1876 4886 
1873
26 1873 1873 3999 
1870
974 1870 1870 3738 1870 4737 
1869
1869 2245 1869 3678 1869 4654 1869 4928 
1843
1843 2824 1843 4096 
1808
1808 3625 1808 4293 
1799
1799 2309 1799 4536 
1790
220 1790 232 1790 1790 3682 1790 4560 
1789
1789 3988 
1770
1770 4921 1770 4979 
1760
1760 3902 1760 4441 1760 4940 
1749
1749 2428 1749 3344 
1747
1118 1747 1747 4330 
1730
1574 1730 1730 4597 
1725
37 1725 269 1725 742 1725 1725 2222 1725 3171 1725 4490 1725 4732 1725 4841 
1724
72 1724 1724 3824 
1721
1656 1721 1721 4291 1721 4843 
1717
1717 3215 1717 4198 1717 4678 
1706
399 1706 1706 3245 1706 3591 1706 4034 
1705
1705 2597 1705 4856 
1702
1702 2527 1702 3189 1702 4800 
1687
805 1687 1010 1687 
1683
993 1683 1653 1683 1683 3231 1683 4225 1683 4916 1683 4979 
1673
1673 2162 1673 4542 
1666
247 1666 1666 4137 1666 4453 1666 4623 
1655
1184 1655 1655 2703 1655 3334 1655 4667 
1648
1648 3686 1648 4077 
1643
884 1643 1643 3639 1643 4353 1643 4554 
1638
1638 4890 
1634
1634 3361 1634 4765 
1621
1621 4850 1621 4921 
1618
1128 1618 1369 1618 1618 2080 
1613
1613 3220 1613 4481 
1608
966 1608 1332 1608 1608 3386 1608 4041 1608 4567 
1606
1606 3409 1606 4546 
1592
1592 4968 
1565
1565 1997 1565 3338 1565 4655 
1562
1562 3505 1562 3525 1562 4061 
1551
1485 1551 1551 4179 1551 4959 
1548
1427 1548 1548 4270 
1546
466 1546 1546 3875 1546 4752 
1530
343 1530 1032 1530 1530 4590 
1529
1529 1823 1529 4723 
1524
370 1524 548 1524 1524 4752 1524 4955 
1519
683 1519 1519 2908 
1510
1510 2700 1510 4575 
1499
550 1499 1499 3614 1499 4247 1499 4677 
1472
1420 1472 1472 3567 1472 4433 
1453
845 1453 1453 3944 
1439
26 1439 1439 4910 1439 4946 
1396
1396 4323 1396 4882 
1388
1275 1388 1388 3469 1388 4827 
1385
1008 1385 1385 3686 1385 4025 1385 4954 
1371
1371 4945 1371 4973 
1368
1368 4043 1368 4975 
1349
1349 4213 1349 4517 1349 4709 
1340
588 1340 1340 2627 
1333
1333 4030 
1332
1332 4925 1332 4976 
1325
200 1325 1325 3642 1325 4786 
1308
1308 2935 1308 3827 
1306
1306 3863 1306 4560 
1298
1298 1751 1298 4446 
1277
1277 4889 1277 4979 
1225
246 1225 1225 3407 1225 4761 
1218
654 1218 1218 2670 1218 4450 
1206
1206 1800 1206 4713 
1205
1205 1490 
1199
1199 4052 
1196
1196 4695 1196 4761 
1193
1085 1193 1193 4509 
1191
1191 3452 1191 3521 1191 4235 1191 4615 
1185
1185 2967 1185 3561 
1184

1178
1178 4856 1178 4957 
1175
1175 3238 1175 4284 
1167
50 1167 1167 3783 1167 4645 
1166
1166 1303 1166 4665 
1147
1147 2068 1147 2091 1147 4652 
1140
1140 2902 1140 4903 
1124
1124 4772 1124 4980 
1112
1001 1112 1112 2241 
1100
1100 4140 
1090
764 1090 1090 4781 
1088
1088 3783 1088 4081 1088 4893 1088 4939 
1079
1079 2871 1079 4685 1079 4916 
1075
1075 1152 
1061
1061 3272 1061 4591 
1048
1048 3977 1048 4964 
1017
1017 3132 
1008
1008 1489 
993
181 993 993 4394 
983
983 4679 983 4781 983 4890 
975
941 975 975 1169 975 4128 975 4531 
966
966 4490 966 4812 966 4973 
958
958 2677 958 4502 958 4867 
957
957 4856 957 4862 
953
953 3835 953 4266 
952
747 952 952 3965 
934
934 1756 934 4299 934 4796 
926
926 2241 
923
923 4513 923 4917 
918
918 4979 
914
914 1568 914 3583 914 4622 
911
911 4496 911 4663 911 4778 
889
889 3311 
882
882 2162 882 4953 
872
872 3053 872 4876 
832
832 1223 832 4846 
831

819
819 2238 819 3436 
816
816 1846 816 4528 
810
810 2828 810 4249 810 4915 
764
764 2754 764 4976 
763
763 4906 763 4960 
754
754 3121 754 3136 754 3542 
750
162 750 
743
432 743 743 2771 743 2881 
742
742 1528 742 4892 742 4925 
739
739 913 739 2118 
736
736 4893 736 4934 
734
697 734 734 2977 
727
727 2036 727 4481 
725
725 3313 725 4179 
720
720 4021 720 4110 
718
718 4101 718 4237 718 4921 
713
713 2499 713 4799 
697
697 3538 697 4868 
690
690 1198 690 1792 
688
688 1105 688 2999 688 4159 
667
247 667 667 2033 667 3317 667 4622 
665
665 2678 665 3187 
657
657 4415 657 4977 
651
406 651 651 3975 651 4546 651 4898 
623
98 623 623 4960 
618
618 2855 618 3644 618 4934 
600
600 4642 
593
593 1316 593 3385 593 4881 
592
592 2460 592 3092 
586
586 1063 
578
578 1089 578 4751 
553
553 4678 553 4980 
518
518 779 518 4121 
517
517 4808 517 4976 
516
516 4789 
514
514 647 514 4843 
478
478 3996 
460
460 835 460 1369 
455
455 4657 455 4971 
453
453 4515 453 4582 
446
446 4481 446 4510 
441
220 441 441 2750 
435
435 1223 435 4777 
431
431 1624 431 4979 
422
422 4604 422 4890 
416
416 4629 
410
225 410 410 3066 
408
408 2105 408 3547 408 4381 
405
405 3823 405 4546 
399
399 3073 
365
365 2174 365 3994 
354
354 2261 354 4215 
350
350 781 350 3053 
349
349 4170 349 4903 
343
343 4428 343 4810 
342
342 2940 342 4774 
329
329 4478 329 4969 
297
297 3773 297 4815 
292
292 1275 292 4077 292 4394 
286
286 4453 
284
284 3663 284 4786 
271
271 298 271 496 
270
270 1015 270 4236 
269
269 2777 
244
244 3712 
234
234 1579 234 4856 
232
232 2951 232 4299 
230
230 4531 230 4974 
193
193 1233 193 3677 
181
181 909 181 4896 181 4973 
156
156 666 156 919 156 3371 
143
143 4969 
132
132 3646 132 4876 
123
123 4959 
117
117 1678 117 4669 117 4838 
114
114 1284 114 1329 114 3468 
110
110 2806 110 4948 
106
106 3311 106 4242 
105
105 1106 105 3140 105 4110 
103
103 2063 
98
98 4969 
71
71 4866 
40
40 2204 40 3671 
26
26 1176 26 2026 26 4590 
25
25 2573 25 4653 
24
24 3421 
18
18 753 18 1609 
it 4
4806
580 4806 1542 4806 1997 4806 4534 4806 4760 4806 
4511
656 4511 1172 4511 3098 4511 3885 4511 
4485
2380 4485 4485 4534 
4452
195 4452 2774 4452 4452 4472 4452 4707 
4414
737 4414 1024 4414 3286 4414 3910 4414 4194 4414 
4405
2446 4405 4062 4405 
4390
941 4390 3899 4390 3955 4390 
4248
4135 4248 4248 4958 
4229
2374 4229 4229 4922 
4208
1152 4208 1628 4208 3415 4208 4208 4454 4208 4978 
4186
1650 4186 4186 4188 4186 4526 
4152
3916 4152 4152 4918 
4147
721 4147 1164 4147 4147 4542 4147 4557 
4062
738 4062 1865 4062 3941 4062 
4038
205 4038 4038 4771 4038 4967 
4014
660 4014 3124 4014 3556 4014 4014 4645 4014 4803 
3954
255 3954 3255 3954 3317 3954 3567 3954 
3893
3026 3893 3893 4828 3893 4943 
3885
3885 3965 3885 4746 
3863
2133 3863 3863 4394 
3788
3139 3788 3788 4101 3788 4605 3788 4884 
3727
3727 4133 3727 4871 3727 4930 
3668
2639 3668 3506 3668 3668 4763 
3633
3073 3633 3527 3633 
3610
782 3610 2831 3610 3610 4605 
3577
2246 3577 3177 3577 3577 3992 
3576
2155 3576 3011 3576 3562 3576 3576 4145 
3569
2855 3569 3090 3569 
3556
924 3556 3556 4483 
3532
467 3532 3136 3532 3138 3532 3532 4749 
3527
654 3527 
3518
3518 4188 3518 4958 
3506
965 3506 3314 3506 3506 4948 
3450
2594 3450 3450 4205 3450 4892 
3397
94 3397 3397 4012 3397 4287 3397 4412 
3351
563 3351 826 3351 2174 3351 3351 4228 3351 4635 
3348
3088 3348 3348 4716 
3314
321 3314 
3285
585 3285 3285 4349 
3279
1070 3279 1817 3279 3279 4483 
3196
403 3196 3196 3752 
3138
3138 3288 3138 4959 
3136
548 3136 
3063
3063 4604 3063 4943 
3026
1202 3026 3026 3620 
2954
2348 2954 2954 3376 
2944
615 2944 1248 2944 1583 2944 2757 2944 2944 3062 2944 4286 
2906
652 2906 2906 3975 2906 4502 
2846
2846 4279 2846 4676 2846 4935 
2803
1004 2803 2294 2803 2803 4177 2803 4735 
2774
2774 4586 
2771
1194 2771 2475 2771 2771 3738 2771 4882 2771 4916 
2763
906 2763 2763 2968 2763 4727 
2691
2691 3505 2691 4457 
2686
2608 2686 2686 4771 
2584
2584 3554 2584 4730 
2582
2582 2727 2582 3935 2582 4937 
2524
760 2524 2524 4086 2524 4856 2524 4897 
2457
2457 2519 2457 4720 2457 4743 2457 4944 
2427
334 2427 1127 2427 2427 3820 
2406
2090 2406 2406 4951 
2374
2374 4857 
2350
2209 2350 2350 3921 2350 4864 
2348
550 2348 2348 4825 
2347
2347 3361 2347 3860 2347 4796 
2296
463 2296 1542 2296 1684 2296 2296 2586 
2246
1970 2246 
2216
2216 3951 2216 4672 2216 4831 
2213
2213 4689 2213 4913 
2190
1253 2190 1301 2190 2190 3736 
1831
1831 4198 1831 4415 
1817
1817 2377 1817 3470 1817 4318 1817 4374 
1663
1663 4585 1663 4955 1663 4966 
1542
1542 3358 1542 3869 1542 4802 
1431
162 1431 1431 1610 
1360
737 1360 1360 4941 
1323
1323 4605 1323 4951 
1216
1216 4146 1216 4841 1216 4958 
1202
1202 2749 1202 4212 
1197
1197 3723 1197 4741 
1179
162 1179 1179 3072 
1172
1172 4242 
1122
1122 1804 1122 4221 
1095
1095 2627 1095 2886 1095 4127 
1083
220 1083 1035 1083 
1074
149 1074 965 1074 
1071
1071 1194 1071 3029 
981
981 4423 981 4975 
965

924
924 4238 924 4381 
857
857 2769 857 4913 857 4946 
820
210 820 820 1574 820 1656 820 3937 
809
809 4445 809 4670 
760
437 760 760 4841 760 4937 
757
757 3995 757 4546 
738
738 1473 738 3810 
681
681 1740 681 4864 681 4914 
660
660 3679 
656
656 4598 656 4977 
654
654 4966 
638
638 2294 638 4974 
615
615 3739 615 4945 
585
585 4338 
534
534 1253 534 1568 534 2831 
467
467 3733 
444
444 2898 444 3511 
339
339 3570 339 4343 
310
310 2142 310 4043 310 4534 310 4867 310 4961 
295
295 3038 295 4833 
293
293 4916 293 4945 
256
256 4438 256 4682 256 4786 
255
255 3517 
243
243 3865 243 4844 
210
210 745 210 3524 
195
195 1698 
151
151 1406 151 3535 
149
149 3155 
94
94 1394 
56
56 2380 56 2405 
0
0 4227 0 4743 
it 5
4701
1063 4701 4344 4701 4701 4764 4701 4766 4701 4980 
4087
4087 4188 4087 4448 
4058
2747 4058 4058 4883 4058 4946 
4039
1063 4039 4039 4454 
3985
1007 3985 1805 3985 
3522
3522 4670 3522 4929 
3307
445 3307 3307 4080 3307 4883 3307 4973 
2747
1646 2747 2747 4743 
2269
2269 3177 2269 3524 
1805
1805 4852 1805 4968 
1720
1720 4635 1720 4704 
1646
1646 4770 
1476
797 1476 1476 3654 
1063

938
456 938 938 4043 938 4540 
883
883 3975 883 4476 883 4760 
880
880 4771 880 4915 
773
213 773 773 4893 773 4980 
it 6
3689
3636 3689 3689 4328 3689 4689 3689 4917 
3667
3140 3667 3464 3667 3667 4893 
3505
3448 3505 3505 4889 
2910
2391 2910 2910 3831 2910 4300 
it 7
4359
1804 4359 2961 4359 3140 4359 3892 4359 
4127
1598 4127 1947 4127 2504 4127 3972 4127 
4012
3448 4012 3636 4012 3975 4012 
3972
3972 4432 3972 4969 
3892
1897 3892 3892 4822 
2504
2504 2720 2504 3140 
1913
279 1913 1913 4160 1913 4870 1913 4955 
1897
1897 4965 
1826
1099 1826 1209 1826 1826 3448 1826 4870 
653
653 711 653 3453 653 4870 
641
273 641 641 4408 
it 8
3487
1933 3487 3487 3547 3487 4324 
3293
19 3293 3293 3547 
